stock,predict_date,year,actual_target,market_regime,static_pred,static_confidence,static_signal,static_correct,dynamic_pred,dynamic_confidence,dynamic_signal,dynamic_correct,n_dynamic_features,dynamic_features,top_mi_feature
HDFCBANK,2022-01-03,2022,0,Sideways,1,0.7504,BUY,0,1,0.9048,BUY,0,10,"ATR_14,SMA_20,SMA_10,EMA_12,SMA_50,RSI_14,MACD_Hist,BB_Width,Price_Change,EMA_26",ATR_14
HDFCBANK,2022-01-04,2022,1,Sideways,1,0.849,BUY,1,1,0.6506,BUY,1,10,"SMA_20,ATR_14,EMA_12,EMA_26,BB_Width,Williams_R,SMA_50,BB_Upper,OBV,ADX",SMA_20
HDFCBANK,2022-01-05,2022,0,Sideways,1,0.827,BUY,0,1,0.7917,BUY,0,10,"SMA_20,ATR_14,EMA_12,EMA_26,BB_Width,Williams_R,SMA_50,BB_Upper,OBV,ADX",SMA_20
HDFCBANK,2022-01-06,2022,0,Sideways,1,0.8249,BUY,0,1,0.7517,BUY,0,10,"SMA_20,ATR_14,EMA_12,EMA_26,BB_Width,Williams_R,SMA_50,BB_Upper,OBV,ADX",SMA_20
HDFCBANK,2022-01-07,2022,0,Sideways,1,0.7383,BUY,0,1,0.7205,BUY,0,10,"SMA_20,ATR_14,EMA_12,EMA_26,BB_Width,Williams_R,SMA_50,BB_Upper,OBV,ADX",SMA_20
HDFCBANK,2022-01-10,2022,0,Sideways,1,0.6239,BUY,0,1,0.6917,BUY,0,10,"SMA_20,ATR_14,EMA_12,EMA_26,BB_Width,Williams_R,SMA_50,BB_Upper,OBV,ADX",SMA_20
HDFCBANK,2022-01-11,2022,0,Sideways,1,0.5134,NO TRADE,0,1,0.6616,BUY,0,10,"SMA_20,ATR_14,EMA_12,EMA_26,BB_Width,Williams_R,SMA_50,BB_Upper,OBV,ADX",SMA_20
HDFCBANK,2022-01-12,2022,0,Sideways,0,0.5921,SELL,1,1,0.5911,BUY,0,10,"SMA_20,ATR_14,EMA_12,EMA_26,BB_Width,Williams_R,SMA_50,BB_Upper,OBV,ADX",SMA_20
HDFCBANK,2022-01-13,2022,0,Sideways,0,0.5951,SELL,1,0,0.5125,NO TRADE,1,10,"SMA_20,ATR_14,EMA_12,EMA_26,BB_Width,Williams_R,SMA_50,BB_Upper,OBV,ADX",SMA_20
HDFCBANK,2022-01-14,2022,0,Sideways,0,0.5637,SELL,1,0,0.5776,SELL,1,10,"SMA_20,ATR_14,EMA_12,EMA_26,BB_Width,Williams_R,SMA_50,BB_Upper,OBV,ADX",SMA_20
HDFCBANK,2022-01-17,2022,0,Sideways,0,0.6125,SELL,1,0,0.6426,SELL,1,10,"SMA_20,ATR_14,EMA_12,EMA_26,BB_Width,Williams_R,SMA_50,BB_Upper,OBV,ADX",SMA_20
HDFCBANK,2022-01-18,2022,0,Sideways,0,0.5266,NO TRADE,1,0,0.6527,SELL,1,10,"SMA_20,ATR_14,EMA_12,EMA_26,BB_Width,Williams_R,SMA_50,BB_Upper,OBV,ADX",SMA_20
HDFCBANK,2022-01-19,2022,0,Sideways,1,0.5045,NO TRADE,0,0,0.6252,SELL,1,10,"SMA_20,ATR_14,EMA_12,EMA_26,BB_Width,Williams_R,SMA_50,BB_Upper,OBV,ADX",SMA_20
HDFCBANK,2022-01-20,2022,1,Sideways,1,0.6001,BUY,1,0,0.5752,SELL,0,10,"SMA_20,ATR_14,EMA_12,EMA_26,BB_Width,Williams_R,SMA_50,BB_Upper,OBV,ADX",SMA_20
HDFCBANK,2022-01-21,2022,1,Sideways,1,0.6171,BUY,1,0,0.5048,NO TRADE,0,10,"SMA_20,ATR_14,EMA_12,EMA_26,BB_Width,Williams_R,SMA_50,BB_Upper,OBV,ADX",SMA_20
HDFCBANK,2022-01-24,2022,1,Sideways,1,0.7145,BUY,1,1,0.5493,NO TRADE,1,10,"SMA_20,ATR_14,EMA_12,EMA_26,BB_Width,Williams_R,SMA_50,BB_Upper,OBV,ADX",SMA_20
HDFCBANK,2022-01-25,2022,1,Sideways,1,0.7397,BUY,1,1,0.5472,NO TRADE,1,10,"SMA_20,ATR_14,EMA_12,EMA_26,BB_Width,Williams_R,SMA_50,BB_Upper,OBV,ADX",SMA_20
HDFCBANK,2022-01-27,2022,0,Sideways,1,0.7474,BUY,0,1,0.615,BUY,0,10,"SMA_20,ATR_14,EMA_12,EMA_26,BB_Width,Williams_R,SMA_50,BB_Upper,OBV,ADX",SMA_20
HDFCBANK,2022-01-28,2022,0,Sideways,1,0.6431,BUY,0,1,0.5293,NO TRADE,0,10,"SMA_20,ATR_14,EMA_12,EMA_26,BB_Width,Williams_R,SMA_50,BB_Upper,OBV,ADX",SMA_20
HDFCBANK,2022-01-31,2022,0,Sideways,1,0.6235,BUY,0,0,0.5392,NO TRADE,1,10,"SMA_20,ATR_14,EMA_12,EMA_26,BB_Width,Williams_R,SMA_50,BB_Upper,OBV,ADX",SMA_20
HDFCBANK,2022-02-01,2022,0,Sideways,1,0.6456,BUY,0,0,0.5843,SELL,1,10,"SMA_20,ATR_14,EMA_12,EMA_26,BB_Width,Williams_R,SMA_50,BB_Upper,OBV,ADX",SMA_20
HDFCBANK,2022-02-02,2022,0,Sideways,1,0.5223,NO TRADE,0,0,0.5894,SELL,1,10,"SMA_20,ATR_14,EMA_12,EMA_26,BB_Width,Williams_R,SMA_50,BB_Upper,OBV,ADX",SMA_20
HDFCBANK,2022-02-03,2022,0,Sideways,1,0.5613,BUY,0,0,0.6266,SELL,1,10,"SMA_20,ATR_14,EMA_12,EMA_26,BB_Width,Williams_R,SMA_50,BB_Upper,OBV,ADX",SMA_20
HDFCBANK,2022-02-04,2022,0,Sideways,0,0.5411,NO TRADE,1,0,0.617,SELL,1,10,"SMA_20,ATR_14,EMA_12,EMA_26,BB_Width,Williams_R,SMA_50,BB_Upper,OBV,ADX",SMA_20
HDFCBANK,2022-02-07,2022,0,Sideways,1,0.5302,NO TRADE,0,0,0.7397,SELL,1,10,"SMA_20,ATR_14,EMA_12,EMA_26,BB_Width,Williams_R,SMA_50,BB_Upper,OBV,ADX",SMA_20
HDFCBANK,2022-02-08,2022,0,Sideways,0,0.566,SELL,1,0,0.79,SELL,1,10,"SMA_20,ATR_14,EMA_12,EMA_26,BB_Width,Williams_R,SMA_50,BB_Upper,OBV,ADX",SMA_20
HDFCBANK,2022-02-09,2022,0,Sideways,0,0.604,SELL,1,0,0.8091,SELL,1,10,"SMA_20,ATR_14,EMA_12,EMA_26,BB_Width,Williams_R,SMA_50,BB_Upper,OBV,ADX",SMA_20
HDFCBANK,2022-02-10,2022,0,Sideways,0,0.6755,SELL,1,0,0.8169,SELL,1,10,"SMA_20,ATR_14,EMA_12,EMA_26,BB_Width,Williams_R,SMA_50,BB_Upper,OBV,ADX",SMA_20
HDFCBANK,2022-02-11,2022,0,Sideways,0,0.619,SELL,1,0,0.8127,SELL,1,10,"SMA_20,ATR_14,EMA_12,EMA_26,BB_Width,Williams_R,SMA_50,BB_Upper,OBV,ADX",SMA_20
HDFCBANK,2022-02-14,2022,0,Sideways,0,0.5942,SELL,1,0,0.8478,SELL,1,10,"SMA_20,ATR_14,EMA_12,EMA_26,BB_Width,Williams_R,SMA_50,BB_Upper,OBV,ADX",SMA_20
HDFCBANK,2022-02-15,2022,0,Sideways,0,0.6165,SELL,1,0,0.8539,SELL,1,10,"SMA_20,ATR_14,EMA_12,EMA_26,BB_Width,Williams_R,SMA_50,BB_Upper,OBV,ADX",SMA_20
HDFCBANK,2022-02-16,2022,0,Sideways,0,0.6572,SELL,1,1,0.5579,BUY,0,10,"SMA_20,ATR_14,EMA_12,CCI,EMA_26,Williams_R,Rolling_Volatility,Rolling_Median_Return,Volume_MA,SMA_10",SMA_20
HDFCBANK,2022-02-17,2022,0,Sideways,0,0.6852,SELL,1,0,0.6186,SELL,1,10,"SMA_20,ATR_14,EMA_12,CCI,EMA_26,Williams_R,Rolling_Volatility,Rolling_Median_Return,Volume_MA,SMA_10",SMA_20
HDFCBANK,2022-02-18,2022,0,Sideways,0,0.6747,SELL,1,0,0.6252,SELL,1,10,"SMA_20,ATR_14,EMA_12,CCI,EMA_26,Williams_R,Rolling_Volatility,Rolling_Median_Return,Volume_MA,SMA_10",SMA_20
HDFCBANK,2022-02-21,2022,0,Sideways,0,0.8105,SELL,1,0,0.7839,SELL,1,10,"SMA_20,ATR_14,EMA_12,CCI,EMA_26,Williams_R,Rolling_Volatility,Rolling_Median_Return,Volume_MA,SMA_10",SMA_20
HDFCBANK,2022-02-22,2022,0,Sideways,0,0.7905,SELL,1,0,0.6818,SELL,1,10,"SMA_20,ATR_14,EMA_12,CCI,EMA_26,Williams_R,Rolling_Volatility,Rolling_Median_Return,Volume_MA,SMA_10",SMA_20
HDFCBANK,2022-02-23,2022,0,Sideways,0,0.7502,SELL,1,0,0.7886,SELL,1,10,"SMA_20,ATR_14,EMA_12,CCI,EMA_26,Williams_R,Rolling_Volatility,Rolling_Median_Return,Volume_MA,SMA_10",SMA_20
HDFCBANK,2022-02-24,2022,1,Sideways,0,0.6345,SELL,0,0,0.5215,NO TRADE,0,10,"SMA_20,ATR_14,EMA_12,CCI,EMA_26,Williams_R,Rolling_Volatility,Rolling_Median_Return,Volume_MA,SMA_10",SMA_20
HDFCBANK,2022-02-25,2022,0,Sideways,0,0.5758,SELL,1,1,0.6039,BUY,0,10,"SMA_20,ATR_14,EMA_12,CCI,EMA_26,Williams_R,Rolling_Volatility,Rolling_Median_Return,Volume_MA,SMA_10",SMA_20
HDFCBANK,2022-02-28,2022,1,Sideways,0,0.6279,SELL,0,1,0.5215,NO TRADE,1,10,"SMA_20,ATR_14,EMA_12,CCI,EMA_26,Williams_R,Rolling_Volatility,Rolling_Median_Return,Volume_MA,SMA_10",SMA_20
HDFCBANK,2022-03-02,2022,1,Sideways,0,0.6303,SELL,0,0,0.5732,SELL,0,10,"SMA_20,ATR_14,EMA_12,CCI,EMA_26,Williams_R,Rolling_Volatility,Rolling_Median_Return,Volume_MA,SMA_10",SMA_20
HDFCBANK,2022-03-03,2022,1,Sideways,0,0.5918,SELL,0,1,0.7424,BUY,1,10,"SMA_20,ATR_14,EMA_12,CCI,EMA_26,Williams_R,Rolling_Volatility,Rolling_Median_Return,Volume_MA,SMA_10",SMA_20
HDFCBANK,2022-03-04,2022,1,Sideways,1,0.5115,NO TRADE,1,1,0.7875,BUY,1,10,"SMA_20,ATR_14,EMA_12,CCI,EMA_26,Williams_R,Rolling_Volatility,Rolling_Median_Return,Volume_MA,SMA_10",SMA_20
HDFCBANK,2022-03-07,2022,1,Sideways,1,0.5621,BUY,1,1,0.8148,BUY,1,10,"SMA_20,ATR_14,EMA_12,CCI,EMA_26,Williams_R,Rolling_Volatility,Rolling_Median_Return,Volume_MA,SMA_10",SMA_20
HDFCBANK,2022-03-08,2022,1,Sideways,1,0.6252,BUY,1,1,0.8236,BUY,1,10,"SMA_20,ATR_14,EMA_12,CCI,EMA_26,Williams_R,Rolling_Volatility,Rolling_Median_Return,Volume_MA,SMA_10",SMA_20
HDFCBANK,2022-03-09,2022,1,Sideways,1,0.6632,BUY,1,1,0.8438,BUY,1,10,"SMA_20,ATR_14,EMA_12,CCI,EMA_26,Williams_R,Rolling_Volatility,Rolling_Median_Return,Volume_MA,SMA_10",SMA_20
HDFCBANK,2022-03-10,2022,1,Sideways,1,0.5473,NO TRADE,1,1,0.8406,BUY,1,10,"SMA_20,ATR_14,EMA_12,CCI,EMA_26,Williams_R,Rolling_Volatility,Rolling_Median_Return,Volume_MA,SMA_10",SMA_20
HDFCBANK,2022-03-11,2022,1,Sideways,1,0.528,NO TRADE,1,1,0.8478,BUY,1,10,"SMA_20,ATR_14,EMA_12,CCI,EMA_26,Williams_R,Rolling_Volatility,Rolling_Median_Return,Volume_MA,SMA_10",SMA_20
HDFCBANK,2022-03-14,2022,1,Sideways,1,0.6052,BUY,1,1,0.8486,BUY,1,10,"SMA_20,ATR_14,EMA_12,CCI,EMA_26,Williams_R,Rolling_Volatility,Rolling_Median_Return,Volume_MA,SMA_10",SMA_20
HDFCBANK,2022-03-15,2022,1,Sideways,1,0.5492,NO TRADE,1,1,0.8443,BUY,1,10,"SMA_20,ATR_14,EMA_12,CCI,EMA_26,Williams_R,Rolling_Volatility,Rolling_Median_Return,Volume_MA,SMA_10",SMA_20
HDFCBANK,2022-03-16,2022,0,Sideways,1,0.5445,NO TRADE,0,1,0.8412,BUY,0,10,"SMA_20,ATR_14,EMA_12,CCI,EMA_26,Williams_R,Rolling_Volatility,Rolling_Median_Return,Volume_MA,SMA_10",SMA_20
HDFCBANK,2022-03-17,2022,0,Sideways,0,0.5122,NO TRADE,1,1,0.9044,BUY,0,10,"SMA_20,ATR_14,EMA_12,CCI,EMA_26,Williams_R,Rolling_Volatility,Rolling_Median_Return,Volume_MA,SMA_10",SMA_20
HDFCBANK,2022-03-21,2022,0,Sideways,0,0.5555,SELL,1,1,0.7957,BUY,0,10,"SMA_20,ATR_14,EMA_12,CCI,EMA_26,Williams_R,Rolling_Volatility,Rolling_Median_Return,Volume_MA,SMA_10",SMA_20
HDFCBANK,2022-03-22,2022,0,Sideways,0,0.6329,SELL,1,1,0.6387,BUY,0,10,"SMA_20,ATR_14,EMA_12,CCI,EMA_26,Williams_R,Rolling_Volatility,Rolling_Median_Return,Volume_MA,SMA_10",SMA_20
HDFCBANK,2022-03-23,2022,0,Sideways,0,0.7759,SELL,1,1,0.6032,BUY,0,10,"SMA_20,ATR_14,EMA_12,CCI,EMA_26,Williams_R,Rolling_Volatility,Rolling_Median_Return,Volume_MA,SMA_10",SMA_20
HDFCBANK,2022-03-24,2022,0,Sideways,0,0.6645,SELL,1,1,0.577,BUY,0,10,"SMA_20,ATR_14,EMA_12,CCI,EMA_26,Williams_R,Rolling_Volatility,Rolling_Median_Return,Volume_MA,SMA_10",SMA_20
HDFCBANK,2022-03-25,2022,0,Sideways,0,0.7839,SELL,1,1,0.5032,NO TRADE,0,10,"SMA_20,ATR_14,EMA_12,CCI,EMA_26,Williams_R,Rolling_Volatility,Rolling_Median_Return,Volume_MA,SMA_10",SMA_20
HDFCBANK,2022-03-28,2022,0,Sideways,0,0.8233,SELL,1,0,0.6664,SELL,1,10,"SMA_20,ATR_14,EMA_12,CCI,EMA_26,Williams_R,Rolling_Volatility,Rolling_Median_Return,Volume_MA,SMA_10",SMA_20
HDFCBANK,2022-03-29,2022,0,Sideways,0,0.8474,SELL,1,0,0.7613,SELL,1,10,"SMA_20,ATR_14,EMA_12,CCI,EMA_26,Williams_R,Rolling_Volatility,Rolling_Median_Return,Volume_MA,SMA_10",SMA_20
HDFCBANK,2022-03-30,2022,0,Sideways,0,0.8533,SELL,1,0,0.8355,SELL,1,10,"SMA_20,ATR_14,EMA_12,CCI,EMA_26,Williams_R,Rolling_Volatility,Rolling_Median_Return,Volume_MA,SMA_10",SMA_20
HDFCBANK,2022-03-31,2022,0,Sideways,0,0.8528,SELL,1,0,0.8577,SELL,1,10,"SMA_20,ATR_14,EMA_12,CCI,EMA_26,Williams_R,Rolling_Volatility,Rolling_Median_Return,Volume_MA,SMA_10",SMA_20
HDFCBANK,2022-04-01,2022,0,Sideways,0,0.866,SELL,1,0,0.8451,SELL,1,10,"EMA_26,SMA_20,EMA_12,SMA_10,Rolling_Median_Return,ATR_14,MACD_Signal,Rolling_Mean_Return,CCI,Rolling_Volatility",EMA_26
HDFCBANK,2022-04-04,2022,0,Sideways,0,0.5902,SELL,1,1,0.5943,BUY,0,10,"EMA_26,SMA_20,EMA_12,SMA_10,Rolling_Median_Return,ATR_14,MACD_Signal,Rolling_Mean_Return,CCI,Rolling_Volatility",EMA_26
HDFCBANK,2022-04-05,2022,0,Sideways,0,0.6725,SELL,1,1,0.5215,NO TRADE,0,10,"EMA_26,SMA_20,EMA_12,SMA_10,Rolling_Median_Return,ATR_14,MACD_Signal,Rolling_Mean_Return,CCI,Rolling_Volatility",EMA_26
HDFCBANK,2022-04-06,2022,0,Sideways,0,0.867,SELL,1,1,0.5155,NO TRADE,0,10,"EMA_26,SMA_20,EMA_12,SMA_10,Rolling_Median_Return,ATR_14,MACD_Signal,Rolling_Mean_Return,CCI,Rolling_Volatility",EMA_26
HDFCBANK,2022-04-07,2022,0,Sideways,0,0.8682,SELL,1,0,0.5068,NO TRADE,1,10,"EMA_26,SMA_20,EMA_12,SMA_10,Rolling_Median_Return,ATR_14,MACD_Signal,Rolling_Mean_Return,CCI,Rolling_Volatility",EMA_26
HDFCBANK,2022-04-08,2022,0,Sideways,0,0.8744,SELL,1,0,0.5107,NO TRADE,1,10,"EMA_26,SMA_20,EMA_12,SMA_10,Rolling_Median_Return,ATR_14,MACD_Signal,Rolling_Mean_Return,CCI,Rolling_Volatility",EMA_26
HDFCBANK,2022-04-11,2022,0,Sideways,0,0.7629,SELL,1,1,0.5591,BUY,0,10,"EMA_26,SMA_20,EMA_12,SMA_10,Rolling_Median_Return,ATR_14,MACD_Signal,Rolling_Mean_Return,CCI,Rolling_Volatility",EMA_26
HDFCBANK,2022-04-12,2022,0,Sideways,0,0.8598,SELL,1,1,0.5511,BUY,0,10,"EMA_26,SMA_20,EMA_12,SMA_10,Rolling_Median_Return,ATR_14,MACD_Signal,Rolling_Mean_Return,CCI,Rolling_Volatility",EMA_26
HDFCBANK,2022-04-13,2022,0,Sideways,0,0.8574,SELL,1,1,0.5461,NO TRADE,0,10,"EMA_26,SMA_20,EMA_12,SMA_10,Rolling_Median_Return,ATR_14,MACD_Signal,Rolling_Mean_Return,CCI,Rolling_Volatility",EMA_26
HDFCBANK,2022-04-18,2022,0,Sideways,0,0.8565,SELL,1,1,0.5474,NO TRADE,0,10,"EMA_26,SMA_20,EMA_12,SMA_10,Rolling_Median_Return,ATR_14,MACD_Signal,Rolling_Mean_Return,CCI,Rolling_Volatility",EMA_26
HDFCBANK,2022-04-19,2022,0,Sideways,0,0.7766,SELL,1,1,0.5456,NO TRADE,0,10,"EMA_26,SMA_20,EMA_12,SMA_10,Rolling_Median_Return,ATR_14,MACD_Signal,Rolling_Mean_Return,CCI,Rolling_Volatility",EMA_26
HDFCBANK,2022-04-20,2022,0,Sideways,0,0.6495,SELL,1,1,0.5796,BUY,0,10,"EMA_26,SMA_20,EMA_12,SMA_10,Rolling_Median_Return,ATR_14,MACD_Signal,Rolling_Mean_Return,CCI,Rolling_Volatility",EMA_26
HDFCBANK,2022-04-21,2022,0,Sideways,0,0.6603,SELL,1,1,0.578,BUY,0,10,"EMA_26,SMA_20,EMA_12,SMA_10,Rolling_Median_Return,ATR_14,MACD_Signal,Rolling_Mean_Return,CCI,Rolling_Volatility",EMA_26
HDFCBANK,2022-04-22,2022,0,Sideways,0,0.5564,SELL,1,0,0.5584,SELL,1,10,"EMA_26,SMA_20,EMA_12,SMA_10,Rolling_Median_Return,ATR_14,MACD_Signal,Rolling_Mean_Return,CCI,Rolling_Volatility",EMA_26
HDFCBANK,2022-04-25,2022,0,Sideways,0,0.5582,SELL,1,0,0.5813,SELL,1,10,"EMA_26,SMA_20,EMA_12,SMA_10,Rolling_Median_Return,ATR_14,MACD_Signal,Rolling_Mean_Return,CCI,Rolling_Volatility",EMA_26
HDFCBANK,2022-04-26,2022,0,Sideways,0,0.6177,SELL,1,0,0.607,SELL,1,10,"EMA_26,SMA_20,EMA_12,SMA_10,Rolling_Median_Return,ATR_14,MACD_Signal,Rolling_Mean_Return,CCI,Rolling_Volatility",EMA_26
HDFCBANK,2022-04-27,2022,1,Sideways,0,0.716,SELL,0,0,0.6654,SELL,0,10,"EMA_26,SMA_20,EMA_12,SMA_10,Rolling_Median_Return,ATR_14,MACD_Signal,Rolling_Mean_Return,CCI,Rolling_Volatility",EMA_26
HDFCBANK,2022-04-28,2022,1,Sideways,0,0.5445,NO TRADE,0,0,0.6007,SELL,0,10,"EMA_26,SMA_20,EMA_12,SMA_10,Rolling_Median_Return,ATR_14,MACD_Signal,Rolling_Mean_Return,CCI,Rolling_Volatility",EMA_26
HDFCBANK,2022-04-29,2022,1,Sideways,0,0.5202,NO TRADE,0,0,0.5445,NO TRADE,0,10,"EMA_26,SMA_20,EMA_12,SMA_10,Rolling_Median_Return,ATR_14,MACD_Signal,Rolling_Mean_Return,CCI,Rolling_Volatility",EMA_26
HDFCBANK,2022-05-02,2022,1,Sideways,1,0.5481,NO TRADE,1,0,0.5099,NO TRADE,0,10,"EMA_26,SMA_20,EMA_12,SMA_10,Rolling_Median_Return,ATR_14,MACD_Signal,Rolling_Mean_Return,CCI,Rolling_Volatility",EMA_26
HDFCBANK,2022-05-04,2022,1,Sideways,1,0.6516,BUY,1,1,0.5837,BUY,1,10,"EMA_26,SMA_20,EMA_12,SMA_10,Rolling_Median_Return,ATR_14,MACD_Signal,Rolling_Mean_Return,CCI,Rolling_Volatility",EMA_26
HDFCBANK,2022-05-05,2022,1,Sideways,1,0.7464,BUY,1,0,0.6055,SELL,0,10,"EMA_26,SMA_20,EMA_12,SMA_10,Rolling_Median_Return,ATR_14,MACD_Signal,Rolling_Mean_Return,CCI,Rolling_Volatility",EMA_26
HDFCBANK,2022-05-06,2022,1,Sideways,1,0.7676,BUY,1,0,0.5391,NO TRADE,0,10,"EMA_26,SMA_20,EMA_12,SMA_10,Rolling_Median_Return,ATR_14,MACD_Signal,Rolling_Mean_Return,CCI,Rolling_Volatility",EMA_26
HDFCBANK,2022-05-09,2022,1,Sideways,1,0.7718,BUY,1,1,0.618,BUY,1,10,"EMA_26,SMA_20,EMA_12,SMA_10,Rolling_Median_Return,ATR_14,MACD_Signal,Rolling_Mean_Return,CCI,Rolling_Volatility",EMA_26
HDFCBANK,2022-05-10,2022,1,Sideways,1,0.7724,BUY,1,1,0.711,BUY,1,10,"EMA_26,SMA_20,EMA_12,SMA_10,Rolling_Median_Return,ATR_14,MACD_Signal,Rolling_Mean_Return,CCI,Rolling_Volatility",EMA_26
HDFCBANK,2022-05-11,2022,1,Sideways,1,0.6931,BUY,1,1,0.7499,BUY,1,10,"EMA_26,SMA_20,EMA_12,SMA_10,Rolling_Median_Return,ATR_14,MACD_Signal,Rolling_Mean_Return,CCI,Rolling_Volatility",EMA_26
HDFCBANK,2022-05-12,2022,1,Sideways,1,0.7095,BUY,1,1,0.7667,BUY,1,10,"EMA_26,SMA_20,EMA_12,SMA_10,Rolling_Median_Return,ATR_14,MACD_Signal,Rolling_Mean_Return,CCI,Rolling_Volatility",EMA_26
HDFCBANK,2022-05-13,2022,1,Sideways,1,0.7926,BUY,1,1,0.7789,BUY,1,10,"EMA_26,SMA_20,EMA_12,SMA_10,Rolling_Median_Return,ATR_14,MACD_Signal,Rolling_Mean_Return,CCI,Rolling_Volatility",EMA_26
HDFCBANK,2022-05-16,2022,1,Sideways,1,0.7991,BUY,1,1,0.7869,BUY,1,10,"EMA_26,SMA_20,EMA_12,SMA_10,Rolling_Median_Return,ATR_14,MACD_Signal,Rolling_Mean_Return,CCI,Rolling_Volatility",EMA_26
HDFCBANK,2022-05-17,2022,0,Sideways,1,0.825,BUY,0,1,0.7994,BUY,0,10,"EMA_26,SMA_20,EMA_12,SMA_10,Rolling_Median_Return,ATR_14,MACD_Signal,Rolling_Mean_Return,CCI,Rolling_Volatility",EMA_26
HDFCBANK,2022-05-18,2022,0,Sideways,1,0.7365,BUY,0,1,0.606,BUY,0,10,"EMA_12,EMA_26,ATR_14,SMA_50,Rolling_Volatility,Stochastic,Rolling_Median_Return,SMA_10,Rolling_Mean_Return,SMA_20",EMA_12
HDFCBANK,2022-05-19,2022,0,Sideways,1,0.6215,BUY,0,1,0.5684,BUY,0,10,"EMA_12,EMA_26,ATR_14,SMA_50,Rolling_Volatility,Stochastic,Rolling_Median_Return,SMA_10,Rolling_Mean_Return,SMA_20",EMA_12
HDFCBANK,2022-05-20,2022,0,Sideways,0,0.5245,NO TRADE,1,0,0.543,NO TRADE,1,10,"EMA_12,EMA_26,ATR_14,SMA_50,Rolling_Volatility,Stochastic,Rolling_Median_Return,SMA_10,Rolling_Mean_Return,SMA_20",EMA_12
HDFCBANK,2022-05-23,2022,1,Sideways,1,0.5807,BUY,1,0,0.5826,SELL,0,10,"EMA_12,EMA_26,ATR_14,SMA_50,Rolling_Volatility,Stochastic,Rolling_Median_Return,SMA_10,Rolling_Mean_Return,SMA_20",EMA_12
HDFCBANK,2022-05-24,2022,1,Sideways,1,0.589,BUY,1,1,0.5726,BUY,1,10,"EMA_12,EMA_26,ATR_14,SMA_50,Rolling_Volatility,Stochastic,Rolling_Median_Return,SMA_10,Rolling_Mean_Return,SMA_20",EMA_12
HDFCBANK,2022-05-25,2022,1,Sideways,0,0.5041,NO TRADE,0,1,0.6044,BUY,1,10,"EMA_12,EMA_26,ATR_14,SMA_50,Rolling_Volatility,Stochastic,Rolling_Median_Return,SMA_10,Rolling_Mean_Return,SMA_20",EMA_12
HDFCBANK,2022-05-26,2022,0,Sideways,0,0.558,SELL,1,1,0.7165,BUY,0,10,"EMA_12,EMA_26,ATR_14,SMA_50,Rolling_Volatility,Stochastic,Rolling_Median_Return,SMA_10,Rolling_Mean_Return,SMA_20",EMA_12
HDFCBANK,2022-05-27,2022,0,Sideways,0,0.8106,SELL,1,1,0.5438,NO TRADE,0,10,"EMA_12,EMA_26,ATR_14,SMA_50,Rolling_Volatility,Stochastic,Rolling_Median_Return,SMA_10,Rolling_Mean_Return,SMA_20",EMA_12
HDFCBANK,2022-05-30,2022,0,Sideways,0,0.7898,SELL,1,1,0.5077,NO TRADE,0,10,"EMA_12,EMA_26,ATR_14,SMA_50,Rolling_Volatility,Stochastic,Rolling_Median_Return,SMA_10,Rolling_Mean_Return,SMA_20",EMA_12
HDFCBANK,2022-05-31,2022,0,Sideways,0,0.8054,SELL,1,0,0.5277,NO TRADE,1,10,"EMA_12,EMA_26,ATR_14,SMA_50,Rolling_Volatility,Stochastic,Rolling_Median_Return,SMA_10,Rolling_Mean_Return,SMA_20",EMA_12
HDFCBANK,2022-06-01,2022,0,Sideways,0,0.7912,SELL,1,0,0.5703,SELL,1,10,"EMA_12,EMA_26,ATR_14,SMA_50,Rolling_Volatility,Stochastic,Rolling_Median_Return,SMA_10,Rolling_Mean_Return,SMA_20",EMA_12
HDFCBANK,2022-06-02,2022,0,Sideways,0,0.7927,SELL,1,0,0.6182,SELL,1,10,"EMA_12,EMA_26,ATR_14,SMA_50,Rolling_Volatility,Stochastic,Rolling_Median_Return,SMA_10,Rolling_Mean_Return,SMA_20",EMA_12
HDFCBANK,2022-06-03,2022,0,Sideways,0,0.7918,SELL,1,0,0.6747,SELL,1,10,"EMA_12,EMA_26,ATR_14,SMA_50,Rolling_Volatility,Stochastic,Rolling_Median_Return,SMA_10,Rolling_Mean_Return,SMA_20",EMA_12
HDFCBANK,2022-06-06,2022,0,Sideways,0,0.7976,SELL,1,0,0.7139,SELL,1,10,"EMA_12,EMA_26,ATR_14,SMA_50,Rolling_Volatility,Stochastic,Rolling_Median_Return,SMA_10,Rolling_Mean_Return,SMA_20",EMA_12
HDFCBANK,2022-06-07,2022,0,Sideways,0,0.8479,SELL,1,0,0.7564,SELL,1,10,"EMA_12,EMA_26,ATR_14,SMA_50,Rolling_Volatility,Stochastic,Rolling_Median_Return,SMA_10,Rolling_Mean_Return,SMA_20",EMA_12
HDFCBANK,2022-06-08,2022,1,Sideways,0,0.757,SELL,0,0,0.7922,SELL,0,10,"EMA_12,EMA_26,ATR_14,SMA_50,Rolling_Volatility,Stochastic,Rolling_Median_Return,SMA_10,Rolling_Mean_Return,SMA_20",EMA_12
HDFCBANK,2022-06-09,2022,1,Sideways,0,0.7147,SELL,0,0,0.6088,SELL,0,10,"EMA_12,EMA_26,ATR_14,SMA_50,Rolling_Volatility,Stochastic,Rolling_Median_Return,SMA_10,Rolling_Mean_Return,SMA_20",EMA_12
HDFCBANK,2022-06-10,2022,1,Sideways,1,0.5297,NO TRADE,1,0,0.5294,NO TRADE,0,10,"EMA_12,EMA_26,ATR_14,SMA_50,Rolling_Volatility,Stochastic,Rolling_Median_Return,SMA_10,Rolling_Mean_Return,SMA_20",EMA_12
HDFCBANK,2022-06-13,2022,1,Sideways,0,0.5097,NO TRADE,0,1,0.5527,BUY,1,10,"EMA_12,EMA_26,ATR_14,SMA_50,Rolling_Volatility,Stochastic,Rolling_Median_Return,SMA_10,Rolling_Mean_Return,SMA_20",EMA_12
HDFCBANK,2022-06-14,2022,1,Sideways,1,0.6911,BUY,1,1,0.5934,BUY,1,10,"EMA_12,EMA_26,ATR_14,SMA_50,Rolling_Volatility,Stochastic,Rolling_Median_Return,SMA_10,Rolling_Mean_Return,SMA_20",EMA_12
HDFCBANK,2022-06-15,2022,1,Sideways,1,0.7678,BUY,1,1,0.6392,BUY,1,10,"EMA_12,EMA_26,ATR_14,SMA_50,Rolling_Volatility,Stochastic,Rolling_Median_Return,SMA_10,Rolling_Mean_Return,SMA_20",EMA_12
HDFCBANK,2022-06-16,2022,1,Sideways,1,0.8593,BUY,1,1,0.68,BUY,1,10,"EMA_12,EMA_26,ATR_14,SMA_50,Rolling_Volatility,Stochastic,Rolling_Median_Return,SMA_10,Rolling_Mean_Return,SMA_20",EMA_12
HDFCBANK,2022-06-17,2022,1,Sideways,1,0.8411,BUY,1,1,0.7077,BUY,1,10,"EMA_12,EMA_26,ATR_14,SMA_50,Rolling_Volatility,Stochastic,Rolling_Median_Return,SMA_10,Rolling_Mean_Return,SMA_20",EMA_12
HDFCBANK,2022-06-20,2022,1,Sideways,1,0.7763,BUY,1,1,0.735,BUY,1,10,"EMA_12,EMA_26,ATR_14,SMA_50,Rolling_Volatility,Stochastic,Rolling_Median_Return,SMA_10,Rolling_Mean_Return,SMA_20",EMA_12
HDFCBANK,2022-06-21,2022,1,Sideways,1,0.7387,BUY,1,1,0.7611,BUY,1,10,"EMA_12,EMA_26,ATR_14,SMA_50,Rolling_Volatility,Stochastic,Rolling_Median_Return,SMA_10,Rolling_Mean_Return,SMA_20",EMA_12
HDFCBANK,2022-06-22,2022,1,Sideways,1,0.7528,BUY,1,1,0.7825,BUY,1,10,"EMA_12,EMA_26,ATR_14,SMA_50,Rolling_Volatility,Stochastic,Rolling_Median_Return,SMA_10,Rolling_Mean_Return,SMA_20",EMA_12
HDFCBANK,2022-06-23,2022,1,Sideways,1,0.8414,BUY,1,1,0.803,BUY,1,10,"EMA_12,EMA_26,ATR_14,SMA_50,Rolling_Volatility,Stochastic,Rolling_Median_Return,SMA_10,Rolling_Mean_Return,SMA_20",EMA_12
HDFCBANK,2022-06-24,2022,1,Sideways,1,0.6464,BUY,1,1,0.8246,BUY,1,10,"EMA_12,EMA_26,ATR_14,SMA_50,Rolling_Volatility,Stochastic,Rolling_Median_Return,SMA_10,Rolling_Mean_Return,SMA_20",EMA_12
HDFCBANK,2022-06-27,2022,1,Sideways,1,0.6357,BUY,1,1,0.8369,BUY,1,10,"EMA_12,EMA_26,ATR_14,SMA_50,Rolling_Volatility,Stochastic,Rolling_Median_Return,SMA_10,Rolling_Mean_Return,SMA_20",EMA_12
HDFCBANK,2022-06-28,2022,1,Sideways,1,0.6691,BUY,1,1,0.8482,BUY,1,10,"EMA_12,EMA_26,ATR_14,SMA_50,Rolling_Volatility,Stochastic,Rolling_Median_Return,SMA_10,Rolling_Mean_Return,SMA_20",EMA_12
HDFCBANK,2022-06-29,2022,1,Sideways,1,0.7833,BUY,1,1,0.7105,BUY,1,10,"MACD,EMA_26,Rolling_Mean_Return,ATR_14,Stochastic,EMA_12,Rolling_Volatility,BB_Upper,ADX,SMA_50",MACD
HDFCBANK,2022-06-30,2022,1,Sideways,1,0.6603,BUY,1,1,0.8534,BUY,1,10,"MACD,EMA_26,Rolling_Mean_Return,ATR_14,Stochastic,EMA_12,Rolling_Volatility,BB_Upper,ADX,SMA_50",MACD
HDFCBANK,2022-07-01,2022,1,Sideways,1,0.7873,BUY,1,1,0.8608,BUY,1,10,"MACD,EMA_26,Rolling_Mean_Return,ATR_14,Stochastic,EMA_12,Rolling_Volatility,BB_Upper,ADX,SMA_50",MACD
HDFCBANK,2022-07-04,2022,1,Sideways,1,0.8262,BUY,1,1,0.8684,BUY,1,10,"MACD,EMA_26,Rolling_Mean_Return,ATR_14,Stochastic,EMA_12,Rolling_Volatility,BB_Upper,ADX,SMA_50",MACD
HDFCBANK,2022-07-05,2022,1,Sideways,1,0.8387,BUY,1,1,0.8724,BUY,1,10,"MACD,EMA_26,Rolling_Mean_Return,ATR_14,Stochastic,EMA_12,Rolling_Volatility,BB_Upper,ADX,SMA_50",MACD
HDFCBANK,2022-07-06,2022,1,Sideways,1,0.7171,BUY,1,1,0.875,BUY,1,10,"MACD,EMA_26,Rolling_Mean_Return,ATR_14,Stochastic,EMA_12,Rolling_Volatility,BB_Upper,ADX,SMA_50",MACD
HDFCBANK,2022-07-07,2022,1,Sideways,1,0.6848,BUY,1,1,0.876,BUY,1,10,"MACD,EMA_26,Rolling_Mean_Return,ATR_14,Stochastic,EMA_12,Rolling_Volatility,BB_Upper,ADX,SMA_50",MACD
HDFCBANK,2022-07-08,2022,1,Sideways,1,0.7364,BUY,1,1,0.8801,BUY,1,10,"MACD,EMA_26,Rolling_Mean_Return,ATR_14,Stochastic,EMA_12,Rolling_Volatility,BB_Upper,ADX,SMA_50",MACD
HDFCBANK,2022-07-11,2022,1,Sideways,1,0.7218,BUY,1,1,0.8829,BUY,1,10,"MACD,EMA_26,Rolling_Mean_Return,ATR_14,Stochastic,EMA_12,Rolling_Volatility,BB_Upper,ADX,SMA_50",MACD
HDFCBANK,2022-07-12,2022,1,Sideways,1,0.762,BUY,1,1,0.8867,BUY,1,10,"MACD,EMA_26,Rolling_Mean_Return,ATR_14,Stochastic,EMA_12,Rolling_Volatility,BB_Upper,ADX,SMA_50",MACD
HDFCBANK,2022-07-13,2022,1,Sideways,1,0.8373,BUY,1,1,0.8858,BUY,1,10,"MACD,EMA_26,Rolling_Mean_Return,ATR_14,Stochastic,EMA_12,Rolling_Volatility,BB_Upper,ADX,SMA_50",MACD
HDFCBANK,2022-07-14,2022,1,Sideways,1,0.9035,BUY,1,1,0.8914,BUY,1,10,"MACD,EMA_26,Rolling_Mean_Return,ATR_14,Stochastic,EMA_12,Rolling_Volatility,BB_Upper,ADX,SMA_50",MACD
HDFCBANK,2022-07-15,2022,1,Sideways,1,0.9084,BUY,1,1,0.8948,BUY,1,10,"MACD,EMA_26,Rolling_Mean_Return,ATR_14,Stochastic,EMA_12,Rolling_Volatility,BB_Upper,ADX,SMA_50",MACD
HDFCBANK,2022-07-18,2022,1,Sideways,1,0.9168,BUY,1,1,0.8994,BUY,1,10,"MACD,EMA_26,Rolling_Mean_Return,ATR_14,Stochastic,EMA_12,Rolling_Volatility,BB_Upper,ADX,SMA_50",MACD
HDFCBANK,2022-07-19,2022,1,Sideways,1,0.9179,BUY,1,1,0.9032,BUY,1,10,"MACD,EMA_26,Rolling_Mean_Return,ATR_14,Stochastic,EMA_12,Rolling_Volatility,BB_Upper,ADX,SMA_50",MACD
HDFCBANK,2022-07-20,2022,1,Sideways,1,0.9172,BUY,1,1,0.9053,BUY,1,10,"MACD,EMA_26,Rolling_Mean_Return,ATR_14,Stochastic,EMA_12,Rolling_Volatility,BB_Upper,ADX,SMA_50",MACD
HDFCBANK,2022-07-21,2022,1,Sideways,1,0.9219,BUY,1,1,0.9091,BUY,1,10,"MACD,EMA_26,Rolling_Mean_Return,ATR_14,Stochastic,EMA_12,Rolling_Volatility,BB_Upper,ADX,SMA_50",MACD
HDFCBANK,2022-07-22,2022,1,Sideways,1,0.8327,BUY,1,1,0.9064,BUY,1,10,"MACD,EMA_26,Rolling_Mean_Return,ATR_14,Stochastic,EMA_12,Rolling_Volatility,BB_Upper,ADX,SMA_50",MACD
HDFCBANK,2022-07-25,2022,1,Sideways,1,0.8269,BUY,1,1,0.9074,BUY,1,10,"MACD,EMA_26,Rolling_Mean_Return,ATR_14,Stochastic,EMA_12,Rolling_Volatility,BB_Upper,ADX,SMA_50",MACD
HDFCBANK,2022-07-26,2022,1,Sideways,1,0.827,BUY,1,1,0.91,BUY,1,10,"MACD,EMA_26,Rolling_Mean_Return,ATR_14,Stochastic,EMA_12,Rolling_Volatility,BB_Upper,ADX,SMA_50",MACD
HDFCBANK,2022-07-27,2022,1,Sideways,1,0.8063,BUY,1,1,0.9103,BUY,1,10,"MACD,EMA_26,Rolling_Mean_Return,ATR_14,Stochastic,EMA_12,Rolling_Volatility,BB_Upper,ADX,SMA_50",MACD
HDFCBANK,2022-07-28,2022,1,Sideways,1,0.7789,BUY,1,1,0.9107,BUY,1,10,"MACD,EMA_26,Rolling_Mean_Return,ATR_14,Stochastic,EMA_12,Rolling_Volatility,BB_Upper,ADX,SMA_50",MACD
HDFCBANK,2022-07-29,2022,1,Sideways,1,0.7635,BUY,1,1,0.9087,BUY,1,10,"MACD,EMA_26,Rolling_Mean_Return,ATR_14,Stochastic,EMA_12,Rolling_Volatility,BB_Upper,ADX,SMA_50",MACD
HDFCBANK,2022-08-01,2022,1,Sideways,1,0.5606,BUY,1,1,0.9068,BUY,1,10,"MACD,EMA_26,Rolling_Mean_Return,ATR_14,Stochastic,EMA_12,Rolling_Volatility,BB_Upper,ADX,SMA_50",MACD
HDFCBANK,2022-08-02,2022,1,Sideways,1,0.5646,BUY,1,1,0.9038,BUY,1,10,"MACD,EMA_26,Rolling_Mean_Return,ATR_14,Stochastic,EMA_12,Rolling_Volatility,BB_Upper,ADX,SMA_50",MACD
HDFCBANK,2022-08-03,2022,1,Sideways,1,0.5761,BUY,1,1,0.9039,BUY,1,10,"MACD,EMA_26,Rolling_Mean_Return,ATR_14,Stochastic,EMA_12,Rolling_Volatility,BB_Upper,ADX,SMA_50",MACD
HDFCBANK,2022-08-04,2022,1,Sideways,1,0.6383,BUY,1,1,0.8991,BUY,1,10,"MACD,EMA_26,Rolling_Mean_Return,ATR_14,Stochastic,EMA_12,Rolling_Volatility,BB_Upper,ADX,SMA_50",MACD
HDFCBANK,2022-08-05,2022,1,Sideways,1,0.7096,BUY,1,1,0.9022,BUY,1,10,"MACD,EMA_26,Rolling_Mean_Return,ATR_14,Stochastic,EMA_12,Rolling_Volatility,BB_Upper,ADX,SMA_50",MACD
HDFCBANK,2022-08-08,2022,1,Sideways,1,0.5073,NO TRADE,1,1,0.8897,BUY,1,10,"MACD,EMA_26,Rolling_Mean_Return,ATR_14,Stochastic,EMA_12,Rolling_Volatility,BB_Upper,ADX,SMA_50",MACD
HDFCBANK,2022-08-10,2022,1,Sideways,1,0.6929,BUY,1,1,0.8836,BUY,1,10,"MACD,EMA_26,Rolling_Mean_Return,ATR_14,Stochastic,EMA_12,Rolling_Volatility,BB_Upper,ADX,SMA_50",MACD
HDFCBANK,2022-08-11,2022,1,Sideways,1,0.6493,BUY,1,1,0.8165,BUY,1,10,"ATR_14,MACD,EMA_26,Stochastic,EMA_12,SMA_20,Rolling_Volatility,Volume_MA,Rolling_Std_10,SMA_50",ATR_14
HDFCBANK,2022-08-12,2022,1,Sideways,1,0.715,BUY,1,1,0.9152,BUY,1,10,"ATR_14,MACD,EMA_26,Stochastic,EMA_12,SMA_20,Rolling_Volatility,Volume_MA,Rolling_Std_10,SMA_50",ATR_14
HDFCBANK,2022-08-16,2022,1,Sideways,1,0.7014,BUY,1,1,0.914,BUY,1,10,"ATR_14,MACD,EMA_26,Stochastic,EMA_12,SMA_20,Rolling_Volatility,Volume_MA,Rolling_Std_10,SMA_50",ATR_14
HDFCBANK,2022-08-17,2022,1,Sideways,1,0.7429,BUY,1,1,0.9132,BUY,1,10,"ATR_14,MACD,EMA_26,Stochastic,EMA_12,SMA_20,Rolling_Volatility,Volume_MA,Rolling_Std_10,SMA_50",ATR_14
HDFCBANK,2022-08-18,2022,0,Sideways,1,0.7663,BUY,0,1,0.914,BUY,0,10,"ATR_14,MACD,EMA_26,Stochastic,EMA_12,SMA_20,Rolling_Volatility,Volume_MA,Rolling_Std_10,SMA_50",ATR_14
HDFCBANK,2022-08-19,2022,1,Sideways,1,0.7451,BUY,1,1,0.7871,BUY,1,10,"ATR_14,MACD,EMA_26,Stochastic,EMA_12,SMA_20,Rolling_Volatility,Volume_MA,Rolling_Std_10,SMA_50",ATR_14
HDFCBANK,2022-08-22,2022,1,Sideways,1,0.7909,BUY,1,1,0.895,BUY,1,10,"ATR_14,MACD,EMA_26,Stochastic,EMA_12,SMA_20,Rolling_Volatility,Volume_MA,Rolling_Std_10,SMA_50",ATR_14
HDFCBANK,2022-08-23,2022,1,Sideways,1,0.7906,BUY,1,1,0.8968,BUY,1,10,"ATR_14,MACD,EMA_26,Stochastic,EMA_12,SMA_20,Rolling_Volatility,Volume_MA,Rolling_Std_10,SMA_50",ATR_14
HDFCBANK,2022-08-24,2022,1,Sideways,1,0.7941,BUY,1,1,0.9,BUY,1,10,"ATR_14,MACD,EMA_26,Stochastic,EMA_12,SMA_20,Rolling_Volatility,Volume_MA,Rolling_Std_10,SMA_50",ATR_14
HDFCBANK,2022-08-25,2022,0,Sideways,1,0.7983,BUY,0,1,0.8987,BUY,0,10,"ATR_14,MACD,EMA_26,Stochastic,EMA_12,SMA_20,Rolling_Volatility,Volume_MA,Rolling_Std_10,SMA_50",ATR_14
HDFCBANK,2022-08-26,2022,0,Sideways,1,0.7882,BUY,0,1,0.7951,BUY,0,10,"ATR_14,MACD,EMA_26,Stochastic,EMA_12,SMA_20,Rolling_Volatility,Volume_MA,Rolling_Std_10,SMA_50",ATR_14
HDFCBANK,2022-08-29,2022,0,Sideways,1,0.7811,BUY,0,1,0.7762,BUY,0,10,"ATR_14,MACD,EMA_26,Stochastic,EMA_12,SMA_20,Rolling_Volatility,Volume_MA,Rolling_Std_10,SMA_50",ATR_14
HDFCBANK,2022-08-30,2022,0,Sideways,1,0.691,BUY,0,1,0.7266,BUY,0,10,"ATR_14,MACD,EMA_26,Stochastic,EMA_12,SMA_20,Rolling_Volatility,Volume_MA,Rolling_Std_10,SMA_50",ATR_14
HDFCBANK,2022-09-01,2022,0,Sideways,1,0.7641,BUY,0,1,0.6952,BUY,0,10,"ATR_14,MACD,EMA_26,Stochastic,EMA_12,SMA_20,Rolling_Volatility,Volume_MA,Rolling_Std_10,SMA_50",ATR_14
HDFCBANK,2022-09-02,2022,0,Sideways,1,0.6682,BUY,0,1,0.7932,BUY,0,10,"ATR_14,MACD,EMA_26,Stochastic,EMA_12,SMA_20,Rolling_Volatility,Volume_MA,Rolling_Std_10,SMA_50",ATR_14
HDFCBANK,2022-09-05,2022,0,Sideways,1,0.6489,BUY,0,1,0.6856,BUY,0,10,"ATR_14,MACD,EMA_26,Stochastic,EMA_12,SMA_20,Rolling_Volatility,Volume_MA,Rolling_Std_10,SMA_50",ATR_14
HDFCBANK,2022-09-06,2022,0,Sideways,1,0.6399,BUY,0,1,0.6753,BUY,0,10,"ATR_14,MACD,EMA_26,Stochastic,EMA_12,SMA_20,Rolling_Volatility,Volume_MA,Rolling_Std_10,SMA_50",ATR_14
HDFCBANK,2022-09-07,2022,0,Sideways,1,0.5819,BUY,0,1,0.6721,BUY,0,10,"ATR_14,MACD,EMA_26,Stochastic,EMA_12,SMA_20,Rolling_Volatility,Volume_MA,Rolling_Std_10,SMA_50",ATR_14
HDFCBANK,2022-09-08,2022,0,Sideways,1,0.5135,NO TRADE,0,1,0.6716,BUY,0,10,"ATR_14,MACD,EMA_26,Stochastic,EMA_12,SMA_20,Rolling_Volatility,Volume_MA,Rolling_Std_10,SMA_50",ATR_14
HDFCBANK,2022-09-09,2022,0,Sideways,0,0.5192,NO TRADE,1,1,0.6579,BUY,0,10,"ATR_14,MACD,EMA_26,Stochastic,EMA_12,SMA_20,Rolling_Volatility,Volume_MA,Rolling_Std_10,SMA_50",ATR_14
HDFCBANK,2022-09-12,2022,0,Sideways,1,0.537,NO TRADE,0,1,0.6511,BUY,0,10,"ATR_14,MACD,EMA_26,Stochastic,EMA_12,SMA_20,Rolling_Volatility,Volume_MA,Rolling_Std_10,SMA_50",ATR_14
HDFCBANK,2022-09-13,2022,0,Sideways,0,0.6712,SELL,1,1,0.6305,BUY,0,10,"ATR_14,MACD,EMA_26,Stochastic,EMA_12,SMA_20,Rolling_Volatility,Volume_MA,Rolling_Std_10,SMA_50",ATR_14
HDFCBANK,2022-09-14,2022,0,Sideways,0,0.6855,SELL,1,1,0.5901,BUY,0,10,"ATR_14,MACD,EMA_26,Stochastic,EMA_12,SMA_20,Rolling_Volatility,Volume_MA,Rolling_Std_10,SMA_50",ATR_14
HDFCBANK,2022-09-15,2022,0,Sideways,0,0.6434,SELL,1,1,0.5729,BUY,0,10,"ATR_14,MACD,EMA_26,Stochastic,EMA_12,SMA_20,Rolling_Volatility,Volume_MA,Rolling_Std_10,SMA_50",ATR_14
HDFCBANK,2022-09-16,2022,0,Sideways,0,0.6213,SELL,1,1,0.5399,NO TRADE,0,10,"ATR_14,MACD,EMA_26,Stochastic,EMA_12,SMA_20,Rolling_Volatility,Volume_MA,Rolling_Std_10,SMA_50",ATR_14
HDFCBANK,2022-09-19,2022,0,Sideways,0,0.6227,SELL,1,1,0.526,NO TRADE,0,10,"ATR_14,MACD,EMA_26,Stochastic,EMA_12,SMA_20,Rolling_Volatility,Volume_MA,Rolling_Std_10,SMA_50",ATR_14
HDFCBANK,2022-09-20,2022,0,Sideways,0,0.7024,SELL,1,1,0.5245,NO TRADE,0,10,"ATR_14,MACD,EMA_26,Stochastic,EMA_12,SMA_20,Rolling_Volatility,Volume_MA,Rolling_Std_10,SMA_50",ATR_14
HDFCBANK,2022-09-21,2022,0,Sideways,0,0.6811,SELL,1,1,0.5218,NO TRADE,0,10,"ATR_14,MACD,EMA_26,Stochastic,EMA_12,SMA_20,Rolling_Volatility,Volume_MA,Rolling_Std_10,SMA_50",ATR_14
HDFCBANK,2022-09-22,2022,0,Sideways,0,0.6203,SELL,1,0,0.5175,NO TRADE,1,10,"ATR_14,MACD,EMA_26,Stochastic,EMA_12,SMA_20,Rolling_Volatility,Volume_MA,Rolling_Std_10,SMA_50",ATR_14
HDFCBANK,2022-09-23,2022,1,Sideways,0,0.5831,SELL,0,0,0.5596,SELL,0,10,"ATR_14,MACD,EMA_26,Stochastic,EMA_12,SMA_20,Rolling_Volatility,Volume_MA,Rolling_Std_10,SMA_50",ATR_14
HDFCBANK,2022-09-26,2022,1,Sideways,1,0.6595,BUY,1,0,0.5511,SELL,0,10,"MACD_Hist,EMA_26,SMA_50,MACD,Daily_Return,EMA_12,SMA_20,CCI,Rolling_Volatility,RSI_14",MACD_Hist
HDFCBANK,2022-09-27,2022,1,Sideways,1,0.7248,BUY,1,0,0.5568,SELL,0,10,"MACD_Hist,EMA_26,SMA_50,MACD,Daily_Return,EMA_12,SMA_20,CCI,Rolling_Volatility,RSI_14",MACD_Hist
HDFCBANK,2022-09-28,2022,1,Sideways,1,0.8085,BUY,1,0,0.5756,SELL,0,10,"MACD_Hist,EMA_26,SMA_50,MACD,Daily_Return,EMA_12,SMA_20,CCI,Rolling_Volatility,RSI_14",MACD_Hist
HDFCBANK,2022-09-29,2022,1,Sideways,1,0.8185,BUY,1,1,0.5446,NO TRADE,1,10,"MACD_Hist,EMA_26,SMA_50,MACD,Daily_Return,EMA_12,SMA_20,CCI,Rolling_Volatility,RSI_14",MACD_Hist
HDFCBANK,2022-09-30,2022,1,Sideways,1,0.7427,BUY,1,1,0.5534,BUY,1,10,"MACD_Hist,EMA_26,SMA_50,MACD,Daily_Return,EMA_12,SMA_20,CCI,Rolling_Volatility,RSI_14",MACD_Hist
HDFCBANK,2022-10-03,2022,1,Sideways,1,0.7995,BUY,1,1,0.6374,BUY,1,10,"MACD_Hist,EMA_26,SMA_50,MACD,Daily_Return,EMA_12,SMA_20,CCI,Rolling_Volatility,RSI_14",MACD_Hist
HDFCBANK,2022-10-04,2022,1,Sideways,1,0.6946,BUY,1,1,0.5973,BUY,1,10,"MACD_Hist,EMA_26,SMA_50,MACD,Daily_Return,EMA_12,SMA_20,CCI,Rolling_Volatility,RSI_14",MACD_Hist
HDFCBANK,2022-10-06,2022,1,Sideways,1,0.8092,BUY,1,1,0.6256,BUY,1,10,"MACD_Hist,EMA_26,SMA_50,MACD,Daily_Return,EMA_12,SMA_20,CCI,Rolling_Volatility,RSI_14",MACD_Hist
HDFCBANK,2022-10-07,2022,1,Sideways,1,0.8053,BUY,1,1,0.6447,BUY,1,10,"MACD_Hist,EMA_26,SMA_50,MACD,Daily_Return,EMA_12,SMA_20,CCI,Rolling_Volatility,RSI_14",MACD_Hist
HDFCBANK,2022-10-10,2022,1,Sideways,1,0.8656,BUY,1,1,0.6594,BUY,1,10,"MACD_Hist,EMA_26,SMA_50,MACD,Daily_Return,EMA_12,SMA_20,CCI,Rolling_Volatility,RSI_14",MACD_Hist
HDFCBANK,2022-10-11,2022,1,Sideways,1,0.9257,BUY,1,1,0.6725,BUY,1,10,"MACD_Hist,EMA_26,SMA_50,MACD,Daily_Return,EMA_12,SMA_20,CCI,Rolling_Volatility,RSI_14",MACD_Hist
HDFCBANK,2022-10-12,2022,1,Sideways,1,0.941,BUY,1,1,0.6999,BUY,1,10,"MACD_Hist,EMA_26,SMA_50,MACD,Daily_Return,EMA_12,SMA_20,CCI,Rolling_Volatility,RSI_14",MACD_Hist
HDFCBANK,2022-10-13,2022,1,Sideways,1,0.949,BUY,1,1,0.7193,BUY,1,10,"MACD_Hist,EMA_26,SMA_50,MACD,Daily_Return,EMA_12,SMA_20,CCI,Rolling_Volatility,RSI_14",MACD_Hist
HDFCBANK,2022-10-14,2022,1,Sideways,1,0.6671,BUY,1,1,0.6783,BUY,1,10,"MACD_Hist,EMA_26,SMA_50,MACD,Daily_Return,EMA_12,SMA_20,CCI,Rolling_Volatility,RSI_14",MACD_Hist
HDFCBANK,2022-10-17,2022,1,Sideways,1,0.8575,BUY,1,1,0.6929,BUY,1,10,"MACD_Hist,EMA_26,SMA_50,MACD,Daily_Return,EMA_12,SMA_20,CCI,Rolling_Volatility,RSI_14",MACD_Hist
HDFCBANK,2022-10-18,2022,1,Sideways,1,0.8703,BUY,1,1,0.7037,BUY,1,10,"MACD_Hist,EMA_26,SMA_50,MACD,Daily_Return,EMA_12,SMA_20,CCI,Rolling_Volatility,RSI_14",MACD_Hist
HDFCBANK,2022-10-19,2022,1,Sideways,1,0.7634,BUY,1,1,0.6954,BUY,1,10,"MACD_Hist,EMA_26,SMA_50,MACD,Daily_Return,EMA_12,SMA_20,CCI,Rolling_Volatility,RSI_14",MACD_Hist
HDFCBANK,2022-10-20,2022,1,Sideways,1,0.7799,BUY,1,1,0.7294,BUY,1,10,"MACD_Hist,EMA_26,SMA_50,MACD,Daily_Return,EMA_12,SMA_20,CCI,Rolling_Volatility,RSI_14",MACD_Hist
HDFCBANK,2022-10-21,2022,1,Sideways,1,0.8124,BUY,1,1,0.7576,BUY,1,10,"MACD_Hist,EMA_26,SMA_50,MACD,Daily_Return,EMA_12,SMA_20,CCI,Rolling_Volatility,RSI_14",MACD_Hist
HDFCBANK,2022-10-24,2022,1,Sideways,1,0.6468,BUY,1,1,0.7708,BUY,1,10,"MACD_Hist,EMA_26,SMA_50,MACD,Daily_Return,EMA_12,SMA_20,CCI,Rolling_Volatility,RSI_14",MACD_Hist
HDFCBANK,2022-10-25,2022,1,Sideways,1,0.755,BUY,1,1,0.7852,BUY,1,10,"MACD_Hist,EMA_26,SMA_50,MACD,Daily_Return,EMA_12,SMA_20,CCI,Rolling_Volatility,RSI_14",MACD_Hist
HDFCBANK,2022-10-27,2022,1,Sideways,1,0.7872,BUY,1,1,0.7897,BUY,1,10,"MACD_Hist,EMA_26,SMA_50,MACD,Daily_Return,EMA_12,SMA_20,CCI,Rolling_Volatility,RSI_14",MACD_Hist
HDFCBANK,2022-10-28,2022,1,Sideways,1,0.7371,BUY,1,1,0.7973,BUY,1,10,"MACD_Hist,EMA_26,SMA_50,MACD,Daily_Return,EMA_12,SMA_20,CCI,Rolling_Volatility,RSI_14",MACD_Hist
HDFCBANK,2022-10-31,2022,1,Sideways,1,0.6505,BUY,1,1,0.7798,BUY,1,10,"MACD_Hist,EMA_26,SMA_50,MACD,Daily_Return,EMA_12,SMA_20,CCI,Rolling_Volatility,RSI_14",MACD_Hist
HDFCBANK,2022-11-01,2022,1,Sideways,1,0.672,BUY,1,1,0.7767,BUY,1,10,"MACD_Hist,EMA_26,SMA_50,MACD,Daily_Return,EMA_12,SMA_20,CCI,Rolling_Volatility,RSI_14",MACD_Hist
HDFCBANK,2022-11-02,2022,1,Sideways,1,0.7471,BUY,1,1,0.7759,BUY,1,10,"MACD_Hist,EMA_26,SMA_50,MACD,Daily_Return,EMA_12,SMA_20,CCI,Rolling_Volatility,RSI_14",MACD_Hist
HDFCBANK,2022-11-03,2022,1,Sideways,1,0.7819,BUY,1,1,0.7799,BUY,1,10,"MACD_Hist,EMA_26,SMA_50,MACD,Daily_Return,EMA_12,SMA_20,CCI,Rolling_Volatility,RSI_14",MACD_Hist
HDFCBANK,2022-11-04,2022,1,Sideways,1,0.8044,BUY,1,1,0.7773,BUY,1,10,"MACD_Hist,EMA_26,SMA_50,MACD,Daily_Return,EMA_12,SMA_20,CCI,Rolling_Volatility,RSI_14",MACD_Hist
HDFCBANK,2022-11-07,2022,1,Sideways,1,0.7786,BUY,1,1,0.7725,BUY,1,10,"MACD_Hist,EMA_26,SMA_50,MACD,Daily_Return,EMA_12,SMA_20,CCI,Rolling_Volatility,RSI_14",MACD_Hist
HDFCBANK,2022-11-09,2022,1,Sideways,1,0.7842,BUY,1,1,0.7707,BUY,1,10,"MACD_Hist,EMA_26,SMA_50,MACD,Daily_Return,EMA_12,SMA_20,CCI,Rolling_Volatility,RSI_14",MACD_Hist
HDFCBANK,2022-11-10,2022,1,Sideways,1,0.6424,BUY,1,0,0.5453,NO TRADE,0,10,"EMA_12,MACD,Volume_MA,SMA_50,ROC,OBV,SMA_20,Rolling_Mean_Return,MACD_Hist,BB_Upper",EMA_12
HDFCBANK,2022-11-11,2022,1,Sideways,0,0.7778,SELL,0,1,0.6267,BUY,1,10,"EMA_12,MACD,Volume_MA,SMA_50,ROC,OBV,SMA_20,Rolling_Mean_Return,MACD_Hist,BB_Upper",EMA_12
HDFCBANK,2022-11-14,2022,1,Sideways,0,0.535,NO TRADE,0,1,0.7556,BUY,1,10,"EMA_12,MACD,Volume_MA,SMA_50,ROC,OBV,SMA_20,Rolling_Mean_Return,MACD_Hist,BB_Upper",EMA_12
HDFCBANK,2022-11-15,2022,1,Sideways,1,0.5302,NO TRADE,1,1,0.7982,BUY,1,10,"EMA_12,MACD,Volume_MA,SMA_50,ROC,OBV,SMA_20,Rolling_Mean_Return,MACD_Hist,BB_Upper",EMA_12
HDFCBANK,2022-11-16,2022,1,Sideways,1,0.5345,NO TRADE,1,1,0.8133,BUY,1,10,"EMA_12,MACD,Volume_MA,SMA_50,ROC,OBV,SMA_20,Rolling_Mean_Return,MACD_Hist,BB_Upper",EMA_12
HDFCBANK,2022-11-17,2022,1,Sideways,1,0.567,BUY,1,1,0.8129,BUY,1,10,"EMA_12,MACD,Volume_MA,SMA_50,ROC,OBV,SMA_20,Rolling_Mean_Return,MACD_Hist,BB_Upper",EMA_12
HDFCBANK,2022-11-18,2022,1,Sideways,1,0.6746,BUY,1,1,0.8175,BUY,1,10,"EMA_12,MACD,Volume_MA,SMA_50,ROC,OBV,SMA_20,Rolling_Mean_Return,MACD_Hist,BB_Upper",EMA_12
HDFCBANK,2022-11-21,2022,1,Sideways,1,0.6154,BUY,1,1,0.8198,BUY,1,10,"EMA_12,MACD,Volume_MA,SMA_50,ROC,OBV,SMA_20,Rolling_Mean_Return,MACD_Hist,BB_Upper",EMA_12
HDFCBANK,2022-11-22,2022,1,Sideways,1,0.7203,BUY,1,1,0.8088,BUY,1,10,"EMA_12,MACD,Volume_MA,SMA_50,ROC,OBV,SMA_20,Rolling_Mean_Return,MACD_Hist,BB_Upper",EMA_12
HDFCBANK,2022-11-23,2022,1,Sideways,1,0.736,BUY,1,1,0.8206,BUY,1,10,"EMA_12,MACD,Volume_MA,SMA_50,ROC,OBV,SMA_20,Rolling_Mean_Return,MACD_Hist,BB_Upper",EMA_12
HDFCBANK,2022-11-24,2022,0,Sideways,1,0.7103,BUY,0,1,0.8307,BUY,0,10,"EMA_12,MACD,Volume_MA,SMA_50,ROC,OBV,SMA_20,Rolling_Mean_Return,MACD_Hist,BB_Upper",EMA_12
HDFCBANK,2022-11-25,2022,0,Sideways,1,0.5568,BUY,0,1,0.5354,NO TRADE,0,10,"EMA_12,MACD,Volume_MA,SMA_50,ROC,OBV,SMA_20,Rolling_Mean_Return,MACD_Hist,BB_Upper",EMA_12
HDFCBANK,2022-11-28,2022,1,Sideways,0,0.5294,NO TRADE,0,0,0.63,SELL,0,10,"EMA_12,MACD,Volume_MA,SMA_50,ROC,OBV,SMA_20,Rolling_Mean_Return,MACD_Hist,BB_Upper",EMA_12
HDFCBANK,2022-11-29,2022,1,Sideways,1,0.5974,BUY,1,0,0.5745,SELL,0,10,"EMA_12,MACD,Volume_MA,SMA_50,ROC,OBV,SMA_20,Rolling_Mean_Return,MACD_Hist,BB_Upper",EMA_12
HDFCBANK,2022-11-30,2022,1,Sideways,1,0.525,NO TRADE,1,0,0.5006,NO TRADE,0,10,"EMA_12,MACD,Volume_MA,SMA_50,ROC,OBV,SMA_20,Rolling_Mean_Return,MACD_Hist,BB_Upper",EMA_12
HDFCBANK,2022-12-01,2022,1,Sideways,1,0.6835,BUY,1,1,0.527,NO TRADE,1,10,"EMA_12,MACD,Volume_MA,SMA_50,ROC,OBV,SMA_20,Rolling_Mean_Return,MACD_Hist,BB_Upper",EMA_12
HDFCBANK,2022-12-02,2022,1,Sideways,1,0.7146,BUY,1,1,0.6048,BUY,1,10,"EMA_12,MACD,Volume_MA,SMA_50,ROC,OBV,SMA_20,Rolling_Mean_Return,MACD_Hist,BB_Upper",EMA_12
HDFCBANK,2022-12-05,2022,1,Sideways,1,0.6981,BUY,1,1,0.5746,BUY,1,10,"EMA_12,MACD,Volume_MA,SMA_50,ROC,OBV,SMA_20,Rolling_Mean_Return,MACD_Hist,BB_Upper",EMA_12
HDFCBANK,2022-12-06,2022,1,Sideways,1,0.696,BUY,1,1,0.6454,BUY,1,10,"EMA_12,MACD,Volume_MA,SMA_50,ROC,OBV,SMA_20,Rolling_Mean_Return,MACD_Hist,BB_Upper",EMA_12
HDFCBANK,2022-12-07,2022,0,Sideways,1,0.6994,BUY,0,1,0.5892,BUY,0,10,"EMA_12,MACD,Volume_MA,SMA_50,ROC,OBV,SMA_20,Rolling_Mean_Return,MACD_Hist,BB_Upper",EMA_12
HDFCBANK,2022-12-08,2022,0,Sideways,0,0.6046,SELL,1,1,0.5729,BUY,0,10,"EMA_12,MACD,Volume_MA,SMA_50,ROC,OBV,SMA_20,Rolling_Mean_Return,MACD_Hist,BB_Upper",EMA_12
HDFCBANK,2022-12-09,2022,0,Sideways,0,0.5172,NO TRADE,1,1,0.5179,NO TRADE,0,10,"EMA_12,MACD,Volume_MA,SMA_50,ROC,OBV,SMA_20,Rolling_Mean_Return,MACD_Hist,BB_Upper",EMA_12
HDFCBANK,2022-12-12,2022,0,Sideways,0,0.7494,SELL,1,0,0.5316,NO TRADE,1,10,"EMA_12,MACD,Volume_MA,SMA_50,ROC,OBV,SMA_20,Rolling_Mean_Return,MACD_Hist,BB_Upper",EMA_12
HDFCBANK,2022-12-13,2022,0,Sideways,0,0.7514,SELL,1,0,0.5399,NO TRADE,1,10,"EMA_12,MACD,Volume_MA,SMA_50,ROC,OBV,SMA_20,Rolling_Mean_Return,MACD_Hist,BB_Upper",EMA_12
HDFCBANK,2022-12-14,2022,0,Sideways,0,0.6872,SELL,1,0,0.5637,SELL,1,10,"EMA_12,MACD,Volume_MA,SMA_50,ROC,OBV,SMA_20,Rolling_Mean_Return,MACD_Hist,BB_Upper",EMA_12
HDFCBANK,2022-12-15,2022,0,Sideways,0,0.6713,SELL,1,0,0.5719,SELL,1,10,"EMA_12,MACD,Volume_MA,SMA_50,ROC,OBV,SMA_20,Rolling_Mean_Return,MACD_Hist,BB_Upper",EMA_12
HDFCBANK,2022-12-16,2022,0,Sideways,0,0.6862,SELL,1,0,0.6186,SELL,1,10,"EMA_12,MACD,Volume_MA,SMA_50,ROC,OBV,SMA_20,Rolling_Mean_Return,MACD_Hist,BB_Upper",EMA_12
HDFCBANK,2022-12-19,2022,0,Sideways,0,0.6886,SELL,1,0,0.6349,SELL,1,10,"EMA_12,MACD,Volume_MA,SMA_50,ROC,OBV,SMA_20,Rolling_Mean_Return,MACD_Hist,BB_Upper",EMA_12
HDFCBANK,2022-12-20,2022,0,Sideways,0,0.7203,SELL,1,0,0.6482,SELL,1,10,"EMA_12,MACD,Volume_MA,SMA_50,ROC,OBV,SMA_20,Rolling_Mean_Return,MACD_Hist,BB_Upper",EMA_12
HDFCBANK,2022-12-21,2022,1,Sideways,0,0.6977,SELL,0,0,0.599,SELL,0,10,"EMA_12,MACD,Volume_MA,SMA_50,ROC,OBV,SMA_20,Rolling_Mean_Return,MACD_Hist,BB_Upper",EMA_12
HDFCBANK,2022-12-22,2022,1,Sideways,0,0.6616,SELL,0,0,0.6184,SELL,0,10,"SMA_50,EMA_12,MACD,SMA_10,Rolling_Mean_Return,Volume_MA,Rolling_Median_Return,ADX,Williams_R,BB_Upper",SMA_50
HDFCBANK,2022-12-23,2022,1,Sideways,1,0.5691,BUY,1,0,0.6017,SELL,0,10,"SMA_50,EMA_12,MACD,SMA_10,Rolling_Mean_Return,Volume_MA,Rolling_Median_Return,ADX,Williams_R,BB_Upper",SMA_50
HDFCBANK,2022-12-26,2022,1,Sideways,0,0.6322,SELL,0,0,0.6786,SELL,0,10,"SMA_50,EMA_12,MACD,SMA_10,Rolling_Mean_Return,Volume_MA,Rolling_Median_Return,ADX,Williams_R,BB_Upper",SMA_50
HDFCBANK,2022-12-27,2022,1,Sideways,0,0.536,NO TRADE,0,0,0.5977,SELL,0,10,"SMA_50,EMA_12,MACD,SMA_10,Rolling_Mean_Return,Volume_MA,Rolling_Median_Return,ADX,Williams_R,BB_Upper",SMA_50
HDFCBANK,2022-12-28,2022,1,Sideways,0,0.569,SELL,0,0,0.5686,SELL,0,10,"SMA_50,EMA_12,MACD,SMA_10,Rolling_Mean_Return,Volume_MA,Rolling_Median_Return,ADX,Williams_R,BB_Upper",SMA_50
HDFCBANK,2022-12-29,2022,0,Sideways,0,0.5153,NO TRADE,1,0,0.6053,SELL,1,10,"SMA_50,EMA_12,MACD,SMA_10,Rolling_Mean_Return,Volume_MA,Rolling_Median_Return,ADX,Williams_R,BB_Upper",SMA_50
HDFCBANK,2022-12-30,2022,0,Sideways,1,0.5233,NO TRADE,0,0,0.6435,SELL,1,10,"SMA_50,EMA_12,MACD,SMA_10,Rolling_Mean_Return,Volume_MA,Rolling_Median_Return,ADX,Williams_R,BB_Upper",SMA_50
HDFCBANK,2023-01-02,2023,0,Sideways,0,0.6257,SELL,1,0,0.6327,SELL,1,10,"SMA_50,EMA_12,MACD,SMA_10,Rolling_Mean_Return,Volume_MA,Rolling_Median_Return,ADX,Williams_R,BB_Upper",SMA_50
HDFCBANK,2023-01-03,2023,0,Sideways,0,0.7989,SELL,1,0,0.6862,SELL,1,10,"SMA_50,EMA_12,MACD,SMA_10,Rolling_Mean_Return,Volume_MA,Rolling_Median_Return,ADX,Williams_R,BB_Upper",SMA_50
HDFCBANK,2023-01-04,2023,0,Sideways,0,0.6916,SELL,1,1,0.5463,NO TRADE,0,10,"SMA_50,EMA_12,MACD,SMA_10,Rolling_Mean_Return,Volume_MA,Rolling_Median_Return,ADX,Williams_R,BB_Upper",SMA_50
HDFCBANK,2023-01-05,2023,1,Sideways,0,0.6662,SELL,0,0,0.6625,SELL,0,10,"SMA_50,EMA_12,MACD,SMA_10,Rolling_Mean_Return,Volume_MA,Rolling_Median_Return,ADX,Williams_R,BB_Upper",SMA_50
HDFCBANK,2023-01-06,2023,1,Sideways,0,0.6367,SELL,0,1,0.5258,NO TRADE,1,10,"SMA_50,EMA_12,MACD,SMA_10,Rolling_Mean_Return,Volume_MA,Rolling_Median_Return,ADX,Williams_R,BB_Upper",SMA_50
HDFCBANK,2023-01-09,2023,1,Sideways,1,0.6177,BUY,1,1,0.6001,BUY,1,10,"SMA_50,EMA_12,MACD,SMA_10,Rolling_Mean_Return,Volume_MA,Rolling_Median_Return,ADX,Williams_R,BB_Upper",SMA_50
HDFCBANK,2023-01-10,2023,1,Sideways,1,0.8139,BUY,1,1,0.6135,BUY,1,10,"SMA_50,EMA_12,MACD,SMA_10,Rolling_Mean_Return,Volume_MA,Rolling_Median_Return,ADX,Williams_R,BB_Upper",SMA_50
HDFCBANK,2023-01-11,2023,1,Sideways,1,0.7596,BUY,1,1,0.62,BUY,1,10,"SMA_50,EMA_12,MACD,SMA_10,Rolling_Mean_Return,Volume_MA,Rolling_Median_Return,ADX,Williams_R,BB_Upper",SMA_50
HDFCBANK,2023-01-12,2023,1,Sideways,1,0.8314,BUY,1,1,0.6346,BUY,1,10,"SMA_50,EMA_12,MACD,SMA_10,Rolling_Mean_Return,Volume_MA,Rolling_Median_Return,ADX,Williams_R,BB_Upper",SMA_50
HDFCBANK,2023-01-13,2023,1,Sideways,1,0.8075,BUY,1,1,0.6579,BUY,1,10,"SMA_50,EMA_12,MACD,SMA_10,Rolling_Mean_Return,Volume_MA,Rolling_Median_Return,ADX,Williams_R,BB_Upper",SMA_50
HDFCBANK,2023-01-16,2023,1,Sideways,1,0.8538,BUY,1,1,0.6707,BUY,1,10,"SMA_50,EMA_12,MACD,SMA_10,Rolling_Mean_Return,Volume_MA,Rolling_Median_Return,ADX,Williams_R,BB_Upper",SMA_50
HDFCBANK,2023-01-17,2023,1,Sideways,1,0.781,BUY,1,1,0.6811,BUY,1,10,"SMA_50,EMA_12,MACD,SMA_10,Rolling_Mean_Return,Volume_MA,Rolling_Median_Return,ADX,Williams_R,BB_Upper",SMA_50
HDFCBANK,2023-01-18,2023,1,Sideways,1,0.5916,BUY,1,1,0.6855,BUY,1,10,"SMA_50,EMA_12,MACD,SMA_10,Rolling_Mean_Return,Volume_MA,Rolling_Median_Return,ADX,Williams_R,BB_Upper",SMA_50
HDFCBANK,2023-01-19,2023,1,Sideways,1,0.5833,BUY,1,1,0.6976,BUY,1,10,"SMA_50,EMA_12,MACD,SMA_10,Rolling_Mean_Return,Volume_MA,Rolling_Median_Return,ADX,Williams_R,BB_Upper",SMA_50
HDFCBANK,2023-01-20,2023,0,Sideways,1,0.7371,BUY,0,1,0.6941,BUY,0,10,"SMA_50,EMA_12,MACD,SMA_10,Rolling_Mean_Return,Volume_MA,Rolling_Median_Return,ADX,Williams_R,BB_Upper",SMA_50
HDFCBANK,2023-01-23,2023,0,Sideways,0,0.6114,SELL,1,0,0.5691,SELL,1,10,"SMA_50,EMA_12,MACD,SMA_10,Rolling_Mean_Return,Volume_MA,Rolling_Median_Return,ADX,Williams_R,BB_Upper",SMA_50
HDFCBANK,2023-01-24,2023,0,Sideways,0,0.6718,SELL,1,0,0.626,SELL,1,10,"SMA_50,EMA_12,MACD,SMA_10,Rolling_Mean_Return,Volume_MA,Rolling_Median_Return,ADX,Williams_R,BB_Upper",SMA_50
HDFCBANK,2023-01-25,2023,0,Sideways,0,0.5929,SELL,1,0,0.6431,SELL,1,10,"SMA_50,EMA_12,MACD,SMA_10,Rolling_Mean_Return,Volume_MA,Rolling_Median_Return,ADX,Williams_R,BB_Upper",SMA_50
HDFCBANK,2023-01-27,2023,0,Sideways,0,0.6705,SELL,1,0,0.6259,SELL,1,10,"SMA_50,EMA_12,MACD,SMA_10,Rolling_Mean_Return,Volume_MA,Rolling_Median_Return,ADX,Williams_R,BB_Upper",SMA_50
HDFCBANK,2023-01-30,2023,0,Sideways,0,0.6531,SELL,1,0,0.6076,SELL,1,10,"SMA_50,EMA_12,MACD,SMA_10,Rolling_Mean_Return,Volume_MA,Rolling_Median_Return,ADX,Williams_R,BB_Upper",SMA_50
HDFCBANK,2023-01-31,2023,0,Sideways,0,0.5764,SELL,1,0,0.5069,NO TRADE,1,10,"SMA_50,EMA_12,MACD,SMA_10,Rolling_Mean_Return,Volume_MA,Rolling_Median_Return,ADX,Williams_R,BB_Upper",SMA_50
HDFCBANK,2023-02-01,2023,0,Sideways,0,0.6994,SELL,1,0,0.5107,NO TRADE,1,10,"SMA_50,EMA_12,MACD,SMA_10,Rolling_Mean_Return,Volume_MA,Rolling_Median_Return,ADX,Williams_R,BB_Upper",SMA_50
HDFCBANK,2023-02-02,2023,0,Sideways,1,0.5497,NO TRADE,0,1,0.5897,BUY,0,10,"SMA_50,EMA_12,MACD,SMA_10,Rolling_Mean_Return,Volume_MA,Rolling_Median_Return,ADX,Williams_R,BB_Upper",SMA_50
HDFCBANK,2023-02-03,2023,0,Sideways,0,0.7709,SELL,1,0,0.5308,NO TRADE,1,10,"SMA_50,Volume_MA,BB_Upper,Rolling_Median_Return,MACD,Stochastic,MACD_Signal,ATR_14,Williams_R,MFI",SMA_50
HDFCBANK,2023-02-06,2023,0,Sideways,0,0.5997,SELL,1,0,0.5796,SELL,1,10,"SMA_50,Volume_MA,BB_Upper,Rolling_Median_Return,MACD,Stochastic,MACD_Signal,ATR_14,Williams_R,MFI",SMA_50
HDFCBANK,2023-02-07,2023,0,Sideways,0,0.6692,SELL,1,0,0.6696,SELL,1,10,"SMA_50,Volume_MA,BB_Upper,Rolling_Median_Return,MACD,Stochastic,MACD_Signal,ATR_14,Williams_R,MFI",SMA_50
HDFCBANK,2023-02-08,2023,0,Sideways,0,0.6126,SELL,1,0,0.507,NO TRADE,1,10,"SMA_50,Volume_MA,BB_Upper,Rolling_Median_Return,MACD,Stochastic,MACD_Signal,ATR_14,Williams_R,MFI",SMA_50
HDFCBANK,2023-02-09,2023,0,Sideways,0,0.7001,SELL,1,1,0.5216,NO TRADE,0,10,"SMA_50,Volume_MA,BB_Upper,Rolling_Median_Return,MACD,Stochastic,MACD_Signal,ATR_14,Williams_R,MFI",SMA_50
HDFCBANK,2023-02-10,2023,0,Sideways,0,0.7413,SELL,1,1,0.5514,BUY,0,10,"SMA_50,Volume_MA,BB_Upper,Rolling_Median_Return,MACD,Stochastic,MACD_Signal,ATR_14,Williams_R,MFI",SMA_50
HDFCBANK,2023-02-13,2023,0,Sideways,0,0.7493,SELL,1,1,0.5098,NO TRADE,0,10,"SMA_50,Volume_MA,BB_Upper,Rolling_Median_Return,MACD,Stochastic,MACD_Signal,ATR_14,Williams_R,MFI",SMA_50
HDFCBANK,2023-02-14,2023,0,Sideways,0,0.7758,SELL,1,0,0.5666,SELL,1,10,"SMA_50,Volume_MA,BB_Upper,Rolling_Median_Return,MACD,Stochastic,MACD_Signal,ATR_14,Williams_R,MFI",SMA_50
HDFCBANK,2023-02-15,2023,0,Sideways,0,0.6382,SELL,1,0,0.5904,SELL,1,10,"SMA_50,Volume_MA,BB_Upper,Rolling_Median_Return,MACD,Stochastic,MACD_Signal,ATR_14,Williams_R,MFI",SMA_50
HDFCBANK,2023-02-16,2023,0,Sideways,0,0.697,SELL,1,0,0.6482,SELL,1,10,"SMA_50,Volume_MA,BB_Upper,Rolling_Median_Return,MACD,Stochastic,MACD_Signal,ATR_14,Williams_R,MFI",SMA_50
HDFCBANK,2023-02-17,2023,0,Sideways,0,0.6689,SELL,1,0,0.6787,SELL,1,10,"SMA_50,Volume_MA,BB_Upper,Rolling_Median_Return,MACD,Stochastic,MACD_Signal,ATR_14,Williams_R,MFI",SMA_50
HDFCBANK,2023-02-20,2023,0,Sideways,0,0.6211,SELL,1,0,0.632,SELL,1,10,"SMA_50,Volume_MA,BB_Upper,Rolling_Median_Return,MACD,Stochastic,MACD_Signal,ATR_14,Williams_R,MFI",SMA_50
HDFCBANK,2023-02-21,2023,0,Sideways,0,0.8232,SELL,1,0,0.6494,SELL,1,10,"SMA_50,Volume_MA,BB_Upper,Rolling_Median_Return,MACD,Stochastic,MACD_Signal,ATR_14,Williams_R,MFI",SMA_50
HDFCBANK,2023-02-22,2023,0,Sideways,0,0.5794,SELL,1,1,0.5044,NO TRADE,0,10,"SMA_50,Volume_MA,BB_Upper,Rolling_Median_Return,MACD,Stochastic,MACD_Signal,ATR_14,Williams_R,MFI",SMA_50
HDFCBANK,2023-02-23,2023,0,Sideways,1,0.5683,BUY,0,1,0.6591,BUY,0,10,"SMA_50,Volume_MA,BB_Upper,Rolling_Median_Return,MACD,Stochastic,MACD_Signal,ATR_14,Williams_R,MFI",SMA_50
HDFCBANK,2023-02-24,2023,0,Sideways,1,0.6757,BUY,0,1,0.6204,BUY,0,10,"SMA_50,Volume_MA,BB_Upper,Rolling_Median_Return,MACD,Stochastic,MACD_Signal,ATR_14,Williams_R,MFI",SMA_50
HDFCBANK,2023-02-27,2023,0,Sideways,1,0.5953,BUY,0,0,0.5177,NO TRADE,1,10,"SMA_50,Volume_MA,BB_Upper,Rolling_Median_Return,MACD,Stochastic,MACD_Signal,ATR_14,Williams_R,MFI",SMA_50
HDFCBANK,2023-02-28,2023,0,Sideways,1,0.5887,BUY,0,0,0.5428,NO TRADE,1,10,"SMA_50,Volume_MA,BB_Upper,Rolling_Median_Return,MACD,Stochastic,MACD_Signal,ATR_14,Williams_R,MFI",SMA_50
HDFCBANK,2023-03-01,2023,1,Sideways,1,0.65,BUY,1,0,0.5692,SELL,0,10,"SMA_50,Volume_MA,BB_Upper,Rolling_Median_Return,MACD,Stochastic,MACD_Signal,ATR_14,Williams_R,MFI",SMA_50
HDFCBANK,2023-03-02,2023,1,Sideways,1,0.7969,BUY,1,1,0.6195,BUY,1,10,"SMA_50,Volume_MA,BB_Upper,Rolling_Median_Return,MACD,Stochastic,MACD_Signal,ATR_14,Williams_R,MFI",SMA_50
HDFCBANK,2023-03-03,2023,1,Sideways,1,0.6693,BUY,1,0,0.5674,SELL,0,10,"SMA_50,Volume_MA,BB_Upper,Rolling_Median_Return,MACD,Stochastic,MACD_Signal,ATR_14,Williams_R,MFI",SMA_50
HDFCBANK,2023-03-06,2023,1,Sideways,0,0.5303,NO TRADE,0,0,0.5929,SELL,0,10,"SMA_50,Volume_MA,BB_Upper,Rolling_Median_Return,MACD,Stochastic,MACD_Signal,ATR_14,Williams_R,MFI",SMA_50
HDFCBANK,2023-03-08,2023,1,Sideways,1,0.6351,BUY,1,0,0.6258,SELL,0,10,"SMA_50,Volume_MA,BB_Upper,Rolling_Median_Return,MACD,Stochastic,MACD_Signal,ATR_14,Williams_R,MFI",SMA_50
HDFCBANK,2023-03-09,2023,1,Sideways,1,0.5645,BUY,1,0,0.7013,SELL,0,10,"SMA_50,Volume_MA,BB_Upper,Rolling_Median_Return,MACD,Stochastic,MACD_Signal,ATR_14,Williams_R,MFI",SMA_50
HDFCBANK,2023-03-10,2023,1,Sideways,0,0.5006,NO TRADE,0,1,0.6342,BUY,1,10,"SMA_50,Volume_MA,BB_Upper,Rolling_Median_Return,MACD,Stochastic,MACD_Signal,ATR_14,Williams_R,MFI",SMA_50
HDFCBANK,2023-03-13,2023,1,Sideways,1,0.8152,BUY,1,1,0.6035,BUY,1,10,"SMA_50,Volume_MA,BB_Upper,Rolling_Median_Return,MACD,Stochastic,MACD_Signal,ATR_14,Williams_R,MFI",SMA_50
HDFCBANK,2023-03-14,2023,1,Sideways,1,0.8443,BUY,1,1,0.6891,BUY,1,10,"SMA_50,Volume_MA,BB_Upper,Rolling_Median_Return,MACD,Stochastic,MACD_Signal,ATR_14,Williams_R,MFI",SMA_50
HDFCBANK,2023-03-15,2023,1,Sideways,1,0.867,BUY,1,1,0.5692,BUY,1,10,"SMA_50,Volume_MA,BB_Upper,Rolling_Median_Return,MACD,Stochastic,MACD_Signal,ATR_14,Williams_R,MFI",SMA_50
HDFCBANK,2023-03-16,2023,1,Sideways,1,0.8942,BUY,1,1,0.6634,BUY,1,10,"SMA_50,Volume_MA,BB_Upper,Rolling_Median_Return,MACD,Stochastic,MACD_Signal,ATR_14,Williams_R,MFI",SMA_50
HDFCBANK,2023-03-17,2023,1,Sideways,1,0.819,BUY,1,1,0.586,BUY,1,10,"SMA_50,Volume_MA,BB_Upper,Rolling_Median_Return,MACD,Stochastic,MACD_Signal,ATR_14,Williams_R,MFI",SMA_50
HDFCBANK,2023-03-20,2023,1,Sideways,1,0.9116,BUY,1,0,0.5389,NO TRADE,0,10,"EMA_12,ADX,MACD,MACD_Hist,ATR_14,BB_Width,SMA_50,Volume_MA,Rolling_Median_Return,ROC",EMA_12
HDFCBANK,2023-03-21,2023,1,Sideways,1,0.8858,BUY,1,1,0.5183,NO TRADE,1,10,"EMA_12,ADX,MACD,MACD_Hist,ATR_14,BB_Width,SMA_50,Volume_MA,Rolling_Median_Return,ROC",EMA_12
HDFCBANK,2023-03-22,2023,1,Sideways,1,0.9052,BUY,1,1,0.6433,BUY,1,10,"EMA_12,ADX,MACD,MACD_Hist,ATR_14,BB_Width,SMA_50,Volume_MA,Rolling_Median_Return,ROC",EMA_12
HDFCBANK,2023-03-23,2023,1,Sideways,1,0.9258,BUY,1,1,0.6425,BUY,1,10,"EMA_12,ADX,MACD,MACD_Hist,ATR_14,BB_Width,SMA_50,Volume_MA,Rolling_Median_Return,ROC",EMA_12
HDFCBANK,2023-03-24,2023,1,Sideways,1,0.8954,BUY,1,1,0.73,BUY,1,10,"EMA_12,ADX,MACD,MACD_Hist,ATR_14,BB_Width,SMA_50,Volume_MA,Rolling_Median_Return,ROC",EMA_12
HDFCBANK,2023-03-27,2023,1,Sideways,1,0.8634,BUY,1,1,0.7529,BUY,1,10,"EMA_12,ADX,MACD,MACD_Hist,ATR_14,BB_Width,SMA_50,Volume_MA,Rolling_Median_Return,ROC",EMA_12
HDFCBANK,2023-03-28,2023,1,Sideways,1,0.8552,BUY,1,1,0.6822,BUY,1,10,"EMA_12,ADX,MACD,MACD_Hist,ATR_14,BB_Width,SMA_50,Volume_MA,Rolling_Median_Return,ROC",EMA_12
HDFCBANK,2023-03-29,2023,1,Sideways,1,0.8236,BUY,1,1,0.8285,BUY,1,10,"EMA_12,ADX,MACD,MACD_Hist,ATR_14,BB_Width,SMA_50,Volume_MA,Rolling_Median_Return,ROC",EMA_12
HDFCBANK,2023-03-31,2023,1,Sideways,1,0.7472,BUY,1,1,0.8114,BUY,1,10,"EMA_12,ADX,MACD,MACD_Hist,ATR_14,BB_Width,SMA_50,Volume_MA,Rolling_Median_Return,ROC",EMA_12
HDFCBANK,2023-04-03,2023,1,Sideways,1,0.8584,BUY,1,1,0.7998,BUY,1,10,"EMA_12,ADX,MACD,MACD_Hist,ATR_14,BB_Width,SMA_50,Volume_MA,Rolling_Median_Return,ROC",EMA_12
HDFCBANK,2023-04-05,2023,0,Sideways,1,0.7205,BUY,0,1,0.5792,BUY,0,10,"EMA_12,ADX,MACD,MACD_Hist,ATR_14,BB_Width,SMA_50,Volume_MA,Rolling_Median_Return,ROC",EMA_12
HDFCBANK,2023-04-06,2023,0,Sideways,0,0.5008,NO TRADE,1,0,0.5722,SELL,1,10,"EMA_12,ADX,MACD,MACD_Hist,ATR_14,BB_Width,SMA_50,Volume_MA,Rolling_Median_Return,ROC",EMA_12
HDFCBANK,2023-04-10,2023,0,Sideways,0,0.5204,NO TRADE,1,0,0.569,SELL,1,10,"EMA_12,ADX,MACD,MACD_Hist,ATR_14,BB_Width,SMA_50,Volume_MA,Rolling_Median_Return,ROC",EMA_12
HDFCBANK,2023-04-11,2023,0,Sideways,0,0.7139,SELL,1,0,0.7292,SELL,1,10,"EMA_12,ADX,MACD,MACD_Hist,ATR_14,BB_Width,SMA_50,Volume_MA,Rolling_Median_Return,ROC",EMA_12
HDFCBANK,2023-04-12,2023,0,Sideways,0,0.6913,SELL,1,0,0.7175,SELL,1,10,"EMA_12,ADX,MACD,MACD_Hist,ATR_14,BB_Width,SMA_50,Volume_MA,Rolling_Median_Return,ROC",EMA_12
HDFCBANK,2023-04-13,2023,0,Sideways,0,0.7461,SELL,1,0,0.7316,SELL,1,10,"EMA_12,ADX,MACD,MACD_Hist,ATR_14,BB_Width,SMA_50,Volume_MA,Rolling_Median_Return,ROC",EMA_12
HDFCBANK,2023-04-17,2023,0,Sideways,0,0.8315,SELL,1,0,0.7411,SELL,1,10,"EMA_12,ADX,MACD,MACD_Hist,ATR_14,BB_Width,SMA_50,Volume_MA,Rolling_Median_Return,ROC",EMA_12
HDFCBANK,2023-04-18,2023,0,Sideways,0,0.8361,SELL,1,0,0.7568,SELL,1,10,"EMA_12,ADX,MACD,MACD_Hist,ATR_14,BB_Width,SMA_50,Volume_MA,Rolling_Median_Return,ROC",EMA_12
HDFCBANK,2023-04-19,2023,0,Sideways,0,0.8405,SELL,1,0,0.776,SELL,1,10,"EMA_12,ADX,MACD,MACD_Hist,ATR_14,BB_Width,SMA_50,Volume_MA,Rolling_Median_Return,ROC",EMA_12
HDFCBANK,2023-04-20,2023,0,Sideways,0,0.8489,SELL,1,0,0.8016,SELL,1,10,"EMA_12,ADX,MACD,MACD_Hist,ATR_14,BB_Width,SMA_50,Volume_MA,Rolling_Median_Return,ROC",EMA_12
HDFCBANK,2023-04-21,2023,0,Sideways,0,0.9331,SELL,1,0,0.8307,SELL,1,10,"EMA_12,ADX,MACD,MACD_Hist,ATR_14,BB_Width,SMA_50,Volume_MA,Rolling_Median_Return,ROC",EMA_12
HDFCBANK,2023-04-24,2023,0,Sideways,0,0.9402,SELL,1,0,0.8392,SELL,1,10,"EMA_12,ADX,MACD,MACD_Hist,ATR_14,BB_Width,SMA_50,Volume_MA,Rolling_Median_Return,ROC",EMA_12
HDFCBANK,2023-04-25,2023,0,Sideways,0,0.8981,SELL,1,0,0.7725,SELL,1,10,"EMA_12,ADX,MACD,MACD_Hist,ATR_14,BB_Width,SMA_50,Volume_MA,Rolling_Median_Return,ROC",EMA_12
HDFCBANK,2023-04-26,2023,0,Sideways,0,0.8978,SELL,1,0,0.7739,SELL,1,10,"EMA_12,ADX,MACD,MACD_Hist,ATR_14,BB_Width,SMA_50,Volume_MA,Rolling_Median_Return,ROC",EMA_12
HDFCBANK,2023-04-27,2023,0,Sideways,0,0.9955,SELL,1,0,0.7752,SELL,1,10,"EMA_12,ADX,MACD,MACD_Hist,ATR_14,BB_Width,SMA_50,Volume_MA,Rolling_Median_Return,ROC",EMA_12
HDFCBANK,2023-04-28,2023,0,Sideways,0,0.9959,SELL,1,0,0.7796,SELL,1,10,"EMA_12,ADX,MACD,MACD_Hist,ATR_14,BB_Width,SMA_50,Volume_MA,Rolling_Median_Return,ROC",EMA_12
HDFCBANK,2023-05-02,2023,0,Sideways,0,0.9967,SELL,1,0,0.846,SELL,1,10,"EMA_12,ADX,MACD,MACD_Hist,ATR_14,BB_Width,SMA_50,Volume_MA,Rolling_Median_Return,ROC",EMA_12
HDFCBANK,2023-05-03,2023,0,Sideways,0,0.9975,SELL,1,0,0.8481,SELL,1,10,"EMA_12,ADX,MACD,MACD_Hist,ATR_14,BB_Width,SMA_50,Volume_MA,Rolling_Median_Return,ROC",EMA_12
HDFCBANK,2023-05-04,2023,0,Sideways,0,0.9981,SELL,1,0,0.8427,SELL,1,10,"EMA_12,ADX,MACD,MACD_Hist,ATR_14,BB_Width,SMA_50,Volume_MA,Rolling_Median_Return,ROC",EMA_12
HDFCBANK,2023-05-05,2023,0,Sideways,0,0.8715,SELL,1,0,0.8082,SELL,1,10,"EMA_12,ADX,MACD,MACD_Hist,ATR_14,BB_Width,SMA_50,Volume_MA,Rolling_Median_Return,ROC",EMA_12
HDFCBANK,2023-05-08,2023,0,Sideways,0,0.8996,SELL,1,0,0.839,SELL,1,10,"EMA_12,SMA_10,BB_Upper,MFI,SMA_20,MACD_Hist,MACD,Rolling_Median_Return,SMA_50,MACD_Signal",EMA_12
HDFCBANK,2023-05-09,2023,0,Sideways,0,0.8121,SELL,1,0,0.8709,SELL,1,10,"EMA_12,SMA_10,BB_Upper,MFI,SMA_20,MACD_Hist,MACD,Rolling_Median_Return,SMA_50,MACD_Signal",EMA_12
HDFCBANK,2023-05-10,2023,0,Sideways,0,0.9146,SELL,1,0,0.8717,SELL,1,10,"EMA_12,SMA_10,BB_Upper,MFI,SMA_20,MACD_Hist,MACD,Rolling_Median_Return,SMA_50,MACD_Signal",EMA_12
HDFCBANK,2023-05-11,2023,0,Sideways,0,0.9179,SELL,1,0,0.8722,SELL,1,10,"EMA_12,SMA_10,BB_Upper,MFI,SMA_20,MACD_Hist,MACD,Rolling_Median_Return,SMA_50,MACD_Signal",EMA_12
HDFCBANK,2023-05-12,2023,0,Sideways,0,0.9212,SELL,1,0,0.8733,SELL,1,10,"EMA_12,SMA_10,BB_Upper,MFI,SMA_20,MACD_Hist,MACD,Rolling_Median_Return,SMA_50,MACD_Signal",EMA_12
HDFCBANK,2023-05-15,2023,0,Sideways,0,0.923,SELL,1,0,0.8203,SELL,1,10,"EMA_12,SMA_10,BB_Upper,MFI,SMA_20,MACD_Hist,MACD,Rolling_Median_Return,SMA_50,MACD_Signal",EMA_12
HDFCBANK,2023-05-16,2023,0,Sideways,0,0.918,SELL,1,0,0.8757,SELL,1,10,"EMA_12,SMA_10,BB_Upper,MFI,SMA_20,MACD_Hist,MACD,Rolling_Median_Return,SMA_50,MACD_Signal",EMA_12
HDFCBANK,2023-05-17,2023,0,Sideways,0,0.9122,SELL,1,0,0.8758,SELL,1,10,"EMA_12,SMA_10,BB_Upper,MFI,SMA_20,MACD_Hist,MACD,Rolling_Median_Return,SMA_50,MACD_Signal",EMA_12
HDFCBANK,2023-05-18,2023,0,Sideways,0,0.9081,SELL,1,0,0.8764,SELL,1,10,"EMA_12,SMA_10,BB_Upper,MFI,SMA_20,MACD_Hist,MACD,Rolling_Median_Return,SMA_50,MACD_Signal",EMA_12
HDFCBANK,2023-05-19,2023,0,Sideways,0,0.9353,SELL,1,0,0.8753,SELL,1,10,"EMA_12,SMA_10,BB_Upper,MFI,SMA_20,MACD_Hist,MACD,Rolling_Median_Return,SMA_50,MACD_Signal",EMA_12
HDFCBANK,2023-05-22,2023,0,Sideways,0,0.9393,SELL,1,0,0.8525,SELL,1,10,"EMA_12,SMA_10,BB_Upper,MFI,SMA_20,MACD_Hist,MACD,Rolling_Median_Return,SMA_50,MACD_Signal",EMA_12
HDFCBANK,2023-05-23,2023,0,Sideways,0,0.9592,SELL,1,0,0.7938,SELL,1,10,"EMA_12,SMA_10,BB_Upper,MFI,SMA_20,MACD_Hist,MACD,Rolling_Median_Return,SMA_50,MACD_Signal",EMA_12
HDFCBANK,2023-05-24,2023,1,Sideways,0,0.8556,SELL,0,0,0.7159,SELL,0,10,"EMA_12,SMA_10,BB_Upper,MFI,SMA_20,MACD_Hist,MACD,Rolling_Median_Return,SMA_50,MACD_Signal",EMA_12
HDFCBANK,2023-05-25,2023,1,Sideways,0,0.6284,SELL,0,1,0.5162,NO TRADE,1,10,"EMA_12,SMA_10,BB_Upper,MFI,SMA_20,MACD_Hist,MACD,Rolling_Median_Return,SMA_50,MACD_Signal",EMA_12
HDFCBANK,2023-05-26,2023,1,Sideways,0,0.7534,SELL,0,1,0.5914,BUY,1,10,"EMA_12,SMA_10,BB_Upper,MFI,SMA_20,MACD_Hist,MACD,Rolling_Median_Return,SMA_50,MACD_Signal",EMA_12
HDFCBANK,2023-05-29,2023,1,Sideways,0,0.6415,SELL,0,1,0.5977,BUY,1,10,"EMA_12,SMA_10,BB_Upper,MFI,SMA_20,MACD_Hist,MACD,Rolling_Median_Return,SMA_50,MACD_Signal",EMA_12
HDFCBANK,2023-05-30,2023,1,Sideways,0,0.5741,SELL,0,1,0.5449,NO TRADE,1,10,"EMA_12,SMA_10,BB_Upper,MFI,SMA_20,MACD_Hist,MACD,Rolling_Median_Return,SMA_50,MACD_Signal",EMA_12
HDFCBANK,2023-05-31,2023,1,Sideways,1,0.6461,BUY,1,1,0.6384,BUY,1,10,"EMA_12,SMA_10,BB_Upper,MFI,SMA_20,MACD_Hist,MACD,Rolling_Median_Return,SMA_50,MACD_Signal",EMA_12
HDFCBANK,2023-06-01,2023,1,Sideways,1,0.7752,BUY,1,1,0.5352,NO TRADE,1,10,"EMA_12,SMA_10,BB_Upper,MFI,SMA_20,MACD_Hist,MACD,Rolling_Median_Return,SMA_50,MACD_Signal",EMA_12
HDFCBANK,2023-06-02,2023,1,Sideways,1,0.6859,BUY,1,1,0.6505,BUY,1,10,"EMA_12,SMA_10,BB_Upper,MFI,SMA_20,MACD_Hist,MACD,Rolling_Median_Return,SMA_50,MACD_Signal",EMA_12
HDFCBANK,2023-06-05,2023,1,Sideways,1,0.7566,BUY,1,1,0.7036,BUY,1,10,"EMA_12,SMA_10,BB_Upper,MFI,SMA_20,MACD_Hist,MACD,Rolling_Median_Return,SMA_50,MACD_Signal",EMA_12
HDFCBANK,2023-06-06,2023,1,Sideways,1,0.7726,BUY,1,1,0.7169,BUY,1,10,"EMA_12,SMA_10,BB_Upper,MFI,SMA_20,MACD_Hist,MACD,Rolling_Median_Return,SMA_50,MACD_Signal",EMA_12
HDFCBANK,2023-06-07,2023,1,Sideways,1,0.6334,BUY,1,1,0.7142,BUY,1,10,"EMA_12,SMA_10,BB_Upper,MFI,SMA_20,MACD_Hist,MACD,Rolling_Median_Return,SMA_50,MACD_Signal",EMA_12
HDFCBANK,2023-06-08,2023,1,Sideways,1,0.7282,BUY,1,1,0.7202,BUY,1,10,"EMA_12,SMA_10,BB_Upper,MFI,SMA_20,MACD_Hist,MACD,Rolling_Median_Return,SMA_50,MACD_Signal",EMA_12
HDFCBANK,2023-06-09,2023,1,Sideways,1,0.6092,BUY,1,1,0.6334,BUY,1,10,"EMA_12,SMA_10,BB_Upper,MFI,SMA_20,MACD_Hist,MACD,Rolling_Median_Return,SMA_50,MACD_Signal",EMA_12
HDFCBANK,2023-06-12,2023,1,Sideways,1,0.8165,BUY,1,1,0.6411,BUY,1,10,"EMA_12,SMA_10,BB_Upper,MFI,SMA_20,MACD_Hist,MACD,Rolling_Median_Return,SMA_50,MACD_Signal",EMA_12
HDFCBANK,2023-06-13,2023,1,Sideways,1,0.8494,BUY,1,1,0.663,BUY,1,10,"EMA_12,SMA_10,BB_Upper,MFI,SMA_20,MACD_Hist,MACD,Rolling_Median_Return,SMA_50,MACD_Signal",EMA_12
HDFCBANK,2023-06-14,2023,1,Sideways,1,0.8584,BUY,1,1,0.5549,BUY,1,10,"EMA_12,SMA_10,BB_Upper,MFI,SMA_20,MACD_Hist,MACD,Rolling_Median_Return,SMA_50,MACD_Signal",EMA_12
HDFCBANK,2023-06-15,2023,1,Sideways,1,0.9098,BUY,1,1,0.7038,BUY,1,10,"EMA_12,SMA_10,BB_Upper,MFI,SMA_20,MACD_Hist,MACD,Rolling_Median_Return,SMA_50,MACD_Signal",EMA_12
HDFCBANK,2023-06-16,2023,1,Sideways,1,0.8775,BUY,1,1,0.7132,BUY,1,10,"EMA_12,SMA_10,BB_Upper,MFI,SMA_20,MACD_Hist,MACD,Rolling_Median_Return,SMA_50,MACD_Signal",EMA_12
HDFCBANK,2023-06-19,2023,1,Sideways,1,0.8768,BUY,1,1,0.6263,BUY,1,10,"BB_Upper,MACD,EMA_12,OBV,MFI,MACD_Signal,MACD_Hist,SMA_50,BB_Width,SMA_10",BB_Upper
HDFCBANK,2023-06-20,2023,1,Sideways,1,0.8938,BUY,1,1,0.7522,BUY,1,10,"BB_Upper,MACD,EMA_12,OBV,MFI,MACD_Signal,MACD_Hist,SMA_50,BB_Width,SMA_10",BB_Upper
HDFCBANK,2023-06-21,2023,1,Sideways,1,0.7433,BUY,1,0,0.533,NO TRADE,0,10,"BB_Upper,MACD,EMA_12,OBV,MFI,MACD_Signal,MACD_Hist,SMA_50,BB_Width,SMA_10",BB_Upper
HDFCBANK,2023-06-22,2023,1,Sideways,1,0.6973,BUY,1,0,0.5847,SELL,0,10,"BB_Upper,MACD,EMA_12,OBV,MFI,MACD_Signal,MACD_Hist,SMA_50,BB_Width,SMA_10",BB_Upper
HDFCBANK,2023-06-23,2023,1,Sideways,1,0.6805,BUY,1,0,0.5472,NO TRADE,0,10,"BB_Upper,MACD,EMA_12,OBV,MFI,MACD_Signal,MACD_Hist,SMA_50,BB_Width,SMA_10",BB_Upper
HDFCBANK,2023-06-26,2023,1,Sideways,1,0.6876,BUY,1,0,0.5432,NO TRADE,0,10,"BB_Upper,MACD,EMA_12,OBV,MFI,MACD_Signal,MACD_Hist,SMA_50,BB_Width,SMA_10",BB_Upper
HDFCBANK,2023-06-27,2023,1,Sideways,0,0.6645,SELL,0,0,0.6068,SELL,0,10,"BB_Upper,MACD,EMA_12,OBV,MFI,MACD_Signal,MACD_Hist,SMA_50,BB_Width,SMA_10",BB_Upper
HDFCBANK,2023-06-28,2023,0,Sideways,0,0.6548,SELL,1,0,0.6719,SELL,1,10,"BB_Upper,MACD,EMA_12,OBV,MFI,MACD_Signal,MACD_Hist,SMA_50,BB_Width,SMA_10",BB_Upper
HDFCBANK,2023-06-30,2023,0,Sideways,0,0.7579,SELL,1,0,0.755,SELL,1,10,"BB_Upper,MACD,EMA_12,OBV,MFI,MACD_Signal,MACD_Hist,SMA_50,BB_Width,SMA_10",BB_Upper
HDFCBANK,2023-07-03,2023,0,Sideways,0,0.8647,SELL,1,0,0.8061,SELL,1,10,"BB_Upper,MACD,EMA_12,OBV,MFI,MACD_Signal,MACD_Hist,SMA_50,BB_Width,SMA_10",BB_Upper
HDFCBANK,2023-07-04,2023,0,Sideways,0,0.9609,SELL,1,0,0.8164,SELL,1,10,"BB_Upper,MACD,EMA_12,OBV,MFI,MACD_Signal,MACD_Hist,SMA_50,BB_Width,SMA_10",BB_Upper
HDFCBANK,2023-07-05,2023,0,Sideways,0,0.9613,SELL,1,0,0.8239,SELL,1,10,"BB_Upper,MACD,EMA_12,OBV,MFI,MACD_Signal,MACD_Hist,SMA_50,BB_Width,SMA_10",BB_Upper
HDFCBANK,2023-07-06,2023,0,Sideways,0,0.9311,SELL,1,0,0.83,SELL,1,10,"BB_Upper,MACD,EMA_12,OBV,MFI,MACD_Signal,MACD_Hist,SMA_50,BB_Width,SMA_10",BB_Upper
HDFCBANK,2023-07-07,2023,0,Sideways,0,0.8945,SELL,1,0,0.8324,SELL,1,10,"BB_Upper,MACD,EMA_12,OBV,MFI,MACD_Signal,MACD_Hist,SMA_50,BB_Width,SMA_10",BB_Upper
HDFCBANK,2023-07-10,2023,0,Sideways,0,0.8939,SELL,1,0,0.8175,SELL,1,10,"BB_Upper,MACD,EMA_12,OBV,MFI,MACD_Signal,MACD_Hist,SMA_50,BB_Width,SMA_10",BB_Upper
HDFCBANK,2023-07-11,2023,1,Sideways,0,0.8945,SELL,0,0,0.8001,SELL,0,10,"BB_Upper,MACD,EMA_12,OBV,MFI,MACD_Signal,MACD_Hist,SMA_50,BB_Width,SMA_10",BB_Upper
HDFCBANK,2023-07-12,2023,1,Sideways,0,0.7416,SELL,0,0,0.5469,NO TRADE,0,10,"BB_Upper,MACD,EMA_12,OBV,MFI,MACD_Signal,MACD_Hist,SMA_50,BB_Width,SMA_10",BB_Upper
HDFCBANK,2023-07-13,2023,0,Sideways,0,0.5163,NO TRADE,1,1,0.5859,BUY,0,10,"BB_Upper,MACD,EMA_12,OBV,MFI,MACD_Signal,MACD_Hist,SMA_50,BB_Width,SMA_10",BB_Upper
HDFCBANK,2023-07-14,2023,0,Sideways,0,0.6985,SELL,1,0,0.5406,NO TRADE,1,10,"BB_Upper,MACD,EMA_12,OBV,MFI,MACD_Signal,MACD_Hist,SMA_50,BB_Width,SMA_10",BB_Upper
HDFCBANK,2023-07-17,2023,0,Sideways,0,0.6551,SELL,1,0,0.686,SELL,1,10,"BB_Upper,MACD,EMA_12,OBV,MFI,MACD_Signal,MACD_Hist,SMA_50,BB_Width,SMA_10",BB_Upper
HDFCBANK,2023-07-18,2023,0,Sideways,0,0.7616,SELL,1,0,0.6792,SELL,1,10,"BB_Upper,MACD,EMA_12,OBV,MFI,MACD_Signal,MACD_Hist,SMA_50,BB_Width,SMA_10",BB_Upper
HDFCBANK,2023-07-19,2023,0,Sideways,0,0.8628,SELL,1,0,0.5861,SELL,1,10,"BB_Upper,MACD,EMA_12,OBV,MFI,MACD_Signal,MACD_Hist,SMA_50,BB_Width,SMA_10",BB_Upper
HDFCBANK,2023-07-20,2023,0,Sideways,0,0.8784,SELL,1,0,0.7301,SELL,1,10,"BB_Upper,MACD,EMA_12,OBV,MFI,MACD_Signal,MACD_Hist,SMA_50,BB_Width,SMA_10",BB_Upper
HDFCBANK,2023-07-21,2023,0,Sideways,0,0.8734,SELL,1,0,0.6605,SELL,1,10,"BB_Upper,MACD,EMA_12,OBV,MFI,MACD_Signal,MACD_Hist,SMA_50,BB_Width,SMA_10",BB_Upper
HDFCBANK,2023-07-24,2023,0,Sideways,0,0.875,SELL,1,0,0.6308,SELL,1,10,"BB_Upper,MACD,EMA_12,OBV,MFI,MACD_Signal,MACD_Hist,SMA_50,BB_Width,SMA_10",BB_Upper
HDFCBANK,2023-07-25,2023,0,Sideways,0,0.899,SELL,1,0,0.7167,SELL,1,10,"BB_Upper,MACD,EMA_12,OBV,MFI,MACD_Signal,MACD_Hist,SMA_50,BB_Width,SMA_10",BB_Upper
HDFCBANK,2023-07-26,2023,0,Sideways,0,0.8983,SELL,1,0,0.7625,SELL,1,10,"BB_Upper,MACD,EMA_12,OBV,MFI,MACD_Signal,MACD_Hist,SMA_50,BB_Width,SMA_10",BB_Upper
HDFCBANK,2023-07-27,2023,0,Sideways,0,0.8898,SELL,1,0,0.7287,SELL,1,10,"BB_Upper,MACD,EMA_12,OBV,MFI,MACD_Signal,MACD_Hist,SMA_50,BB_Width,SMA_10",BB_Upper
HDFCBANK,2023-07-28,2023,0,Sideways,0,0.8733,SELL,1,0,0.667,SELL,1,10,"BB_Upper,MACD,EMA_12,OBV,MFI,MACD_Signal,MACD_Hist,SMA_50,BB_Width,SMA_10",BB_Upper
HDFCBANK,2023-07-31,2023,0,Sideways,0,0.8694,SELL,1,0,0.6493,SELL,1,10,"BB_Upper,MACD,EMA_12,OBV,MFI,MACD_Signal,MACD_Hist,SMA_50,BB_Width,SMA_10",BB_Upper
HDFCBANK,2023-08-01,2023,0,Sideways,0,0.7855,SELL,1,0,0.7096,SELL,1,10,"MACD,BB_Upper,EMA_12,MACD_Hist,MACD_Signal,BB_Width,MFI,EMA_26,SMA_10,OBV",MACD
HDFCBANK,2023-08-02,2023,0,Sideways,0,0.6994,SELL,1,0,0.666,SELL,1,10,"MACD,BB_Upper,EMA_12,MACD_Hist,MACD_Signal,BB_Width,MFI,EMA_26,SMA_10,OBV",MACD
HDFCBANK,2023-08-03,2023,0,Sideways,0,0.6682,SELL,1,0,0.6191,SELL,1,10,"MACD,BB_Upper,EMA_12,MACD_Hist,MACD_Signal,BB_Width,MFI,EMA_26,SMA_10,OBV",MACD
HDFCBANK,2023-08-04,2023,0,Sideways,0,0.6075,SELL,1,0,0.5401,NO TRADE,1,10,"MACD,BB_Upper,EMA_12,MACD_Hist,MACD_Signal,BB_Width,MFI,EMA_26,SMA_10,OBV",MACD
HDFCBANK,2023-08-07,2023,0,Sideways,0,0.7114,SELL,1,0,0.5585,SELL,1,10,"MACD,BB_Upper,EMA_12,MACD_Hist,MACD_Signal,BB_Width,MFI,EMA_26,SMA_10,OBV",MACD
HDFCBANK,2023-08-08,2023,0,Sideways,0,0.7118,SELL,1,0,0.5995,SELL,1,10,"MACD,BB_Upper,EMA_12,MACD_Hist,MACD_Signal,BB_Width,MFI,EMA_26,SMA_10,OBV",MACD
HDFCBANK,2023-08-09,2023,0,Sideways,0,0.718,SELL,1,0,0.6027,SELL,1,10,"MACD,BB_Upper,EMA_12,MACD_Hist,MACD_Signal,BB_Width,MFI,EMA_26,SMA_10,OBV",MACD
HDFCBANK,2023-08-10,2023,0,Sideways,0,0.7194,SELL,1,0,0.623,SELL,1,10,"MACD,BB_Upper,EMA_12,MACD_Hist,MACD_Signal,BB_Width,MFI,EMA_26,SMA_10,OBV",MACD
HDFCBANK,2023-08-11,2023,1,Sideways,0,0.8065,SELL,0,0,0.6318,SELL,0,10,"MACD,BB_Upper,EMA_12,MACD_Hist,MACD_Signal,BB_Width,MFI,EMA_26,SMA_10,OBV",MACD
HDFCBANK,2023-08-14,2023,1,Sideways,1,0.5808,BUY,1,1,0.5693,BUY,1,10,"MACD,BB_Upper,EMA_12,MACD_Hist,MACD_Signal,BB_Width,MFI,EMA_26,SMA_10,OBV",MACD
HDFCBANK,2023-08-16,2023,1,Sideways,1,0.5926,BUY,1,1,0.6702,BUY,1,10,"MACD,BB_Upper,EMA_12,MACD_Hist,MACD_Signal,BB_Width,MFI,EMA_26,SMA_10,OBV",MACD
HDFCBANK,2023-08-17,2023,1,Sideways,1,0.6034,BUY,1,1,0.7011,BUY,1,10,"MACD,BB_Upper,EMA_12,MACD_Hist,MACD_Signal,BB_Width,MFI,EMA_26,SMA_10,OBV",MACD
HDFCBANK,2023-08-18,2023,1,Sideways,1,0.5825,BUY,1,1,0.7095,BUY,1,10,"MACD,BB_Upper,EMA_12,MACD_Hist,MACD_Signal,BB_Width,MFI,EMA_26,SMA_10,OBV",MACD
HDFCBANK,2023-08-21,2023,1,Sideways,1,0.7229,BUY,1,1,0.5432,NO TRADE,1,10,"MACD,BB_Upper,EMA_12,MACD_Hist,MACD_Signal,BB_Width,MFI,EMA_26,SMA_10,OBV",MACD
HDFCBANK,2023-08-22,2023,0,Sideways,1,0.8009,BUY,0,1,0.7351,BUY,0,10,"MACD,BB_Upper,EMA_12,MACD_Hist,MACD_Signal,BB_Width,MFI,EMA_26,SMA_10,OBV",MACD
HDFCBANK,2023-08-23,2023,0,Sideways,1,0.5837,BUY,0,1,0.5361,NO TRADE,0,10,"MACD,BB_Upper,EMA_12,MACD_Hist,MACD_Signal,BB_Width,MFI,EMA_26,SMA_10,OBV",MACD
HDFCBANK,2023-08-24,2023,0,Sideways,0,0.6489,SELL,1,1,0.6658,BUY,0,10,"MACD,BB_Upper,EMA_12,MACD_Hist,MACD_Signal,BB_Width,MFI,EMA_26,SMA_10,OBV",MACD
HDFCBANK,2023-08-25,2023,0,Sideways,0,0.5742,SELL,1,1,0.6248,BUY,0,10,"MACD,BB_Upper,EMA_12,MACD_Hist,MACD_Signal,BB_Width,MFI,EMA_26,SMA_10,OBV",MACD
HDFCBANK,2023-08-28,2023,0,Sideways,0,0.6572,SELL,1,0,0.521,NO TRADE,1,10,"MACD,BB_Upper,EMA_12,MACD_Hist,MACD_Signal,BB_Width,MFI,EMA_26,SMA_10,OBV",MACD
HDFCBANK,2023-08-29,2023,0,Sideways,0,0.6695,SELL,1,0,0.5259,NO TRADE,1,10,"MACD,BB_Upper,EMA_12,MACD_Hist,MACD_Signal,BB_Width,MFI,EMA_26,SMA_10,OBV",MACD
HDFCBANK,2023-08-30,2023,0,Sideways,0,0.6677,SELL,1,0,0.5509,SELL,1,10,"MACD,BB_Upper,EMA_12,MACD_Hist,MACD_Signal,BB_Width,MFI,EMA_26,SMA_10,OBV",MACD
HDFCBANK,2023-08-31,2023,0,Sideways,0,0.7879,SELL,1,0,0.5465,NO TRADE,1,10,"MACD,BB_Upper,EMA_12,MACD_Hist,MACD_Signal,BB_Width,MFI,EMA_26,SMA_10,OBV",MACD
HDFCBANK,2023-09-01,2023,0,Sideways,0,0.6819,SELL,1,0,0.6576,SELL,1,10,"MACD,BB_Upper,EMA_12,MACD_Hist,MACD_Signal,BB_Width,MFI,EMA_26,SMA_10,OBV",MACD
HDFCBANK,2023-09-04,2023,0,Sideways,0,0.6986,SELL,1,0,0.5899,SELL,1,10,"MACD,BB_Upper,EMA_12,MACD_Hist,MACD_Signal,BB_Width,MFI,EMA_26,SMA_10,OBV",MACD
HDFCBANK,2023-09-05,2023,0,Sideways,0,0.6995,SELL,1,0,0.5617,SELL,1,10,"MACD,BB_Upper,EMA_12,MACD_Hist,MACD_Signal,BB_Width,MFI,EMA_26,SMA_10,OBV",MACD
HDFCBANK,2023-09-06,2023,0,Sideways,0,0.7325,SELL,1,1,0.562,BUY,0,10,"MACD,BB_Upper,EMA_12,MACD_Hist,MACD_Signal,BB_Width,MFI,EMA_26,SMA_10,OBV",MACD
HDFCBANK,2023-09-07,2023,0,Sideways,0,0.7118,SELL,1,1,0.5876,BUY,0,10,"MACD,BB_Upper,EMA_12,MACD_Hist,MACD_Signal,BB_Width,MFI,EMA_26,SMA_10,OBV",MACD
HDFCBANK,2023-09-08,2023,0,Sideways,0,0.8478,SELL,1,1,0.5634,BUY,0,10,"MACD,BB_Upper,EMA_12,MACD_Hist,MACD_Signal,BB_Width,MFI,EMA_26,SMA_10,OBV",MACD
HDFCBANK,2023-09-11,2023,0,Sideways,0,0.8578,SELL,1,1,0.5414,NO TRADE,0,10,"MACD,BB_Upper,EMA_12,MACD_Hist,MACD_Signal,BB_Width,MFI,EMA_26,SMA_10,OBV",MACD
HDFCBANK,2023-09-12,2023,0,Sideways,0,0.862,SELL,1,0,0.5587,SELL,1,10,"MACD,BB_Upper,EMA_12,MACD_Hist,MACD_Signal,BB_Width,MFI,EMA_26,SMA_10,OBV",MACD
HDFCBANK,2023-09-13,2023,0,Sideways,0,0.9704,SELL,1,0,0.5374,NO TRADE,1,10,"MACD,OBV,SMA_50,EMA_12,Rolling_Median_Return,Volume_MA,SMA_20,MACD_Hist,EMA_26,BB_Upper",MACD
HDFCBANK,2023-09-14,2023,0,Sideways,0,0.9643,SELL,1,0,0.6579,SELL,1,10,"MACD,OBV,SMA_50,EMA_12,Rolling_Median_Return,Volume_MA,SMA_20,MACD_Hist,EMA_26,BB_Upper",MACD
HDFCBANK,2023-09-15,2023,0,Sideways,0,0.9726,SELL,1,0,0.6354,SELL,1,10,"MACD,OBV,SMA_50,EMA_12,Rolling_Median_Return,Volume_MA,SMA_20,MACD_Hist,EMA_26,BB_Upper",MACD
HDFCBANK,2023-09-18,2023,0,Sideways,0,0.9237,SELL,1,0,0.6367,SELL,1,10,"MACD,OBV,SMA_50,EMA_12,Rolling_Median_Return,Volume_MA,SMA_20,MACD_Hist,EMA_26,BB_Upper",MACD
HDFCBANK,2023-09-20,2023,0,Sideways,0,0.9249,SELL,1,0,0.6321,SELL,1,10,"MACD,OBV,SMA_50,EMA_12,Rolling_Median_Return,Volume_MA,SMA_20,MACD_Hist,EMA_26,BB_Upper",MACD
HDFCBANK,2023-09-21,2023,0,Sideways,0,0.8754,SELL,1,0,0.7203,SELL,1,10,"MACD,OBV,SMA_50,EMA_12,Rolling_Median_Return,Volume_MA,SMA_20,MACD_Hist,EMA_26,BB_Upper",MACD
HDFCBANK,2023-09-22,2023,0,Sideways,0,0.8626,SELL,1,0,0.6257,SELL,1,10,"MACD,OBV,SMA_50,EMA_12,Rolling_Median_Return,Volume_MA,SMA_20,MACD_Hist,EMA_26,BB_Upper",MACD
HDFCBANK,2023-09-25,2023,0,Sideways,0,0.8622,SELL,1,0,0.7306,SELL,1,10,"MACD,OBV,SMA_50,EMA_12,Rolling_Median_Return,Volume_MA,SMA_20,MACD_Hist,EMA_26,BB_Upper",MACD
HDFCBANK,2023-09-26,2023,0,Sideways,0,0.8667,SELL,1,0,0.7007,SELL,1,10,"MACD,OBV,SMA_50,EMA_12,Rolling_Median_Return,Volume_MA,SMA_20,MACD_Hist,EMA_26,BB_Upper",MACD
HDFCBANK,2023-09-27,2023,0,Sideways,0,0.8673,SELL,1,0,0.6511,SELL,1,10,"MACD,OBV,SMA_50,EMA_12,Rolling_Median_Return,Volume_MA,SMA_20,MACD_Hist,EMA_26,BB_Upper",MACD
HDFCBANK,2023-09-28,2023,0,Sideways,0,0.8728,SELL,1,0,0.6265,SELL,1,10,"MACD,OBV,SMA_50,EMA_12,Rolling_Median_Return,Volume_MA,SMA_20,MACD_Hist,EMA_26,BB_Upper",MACD
HDFCBANK,2023-09-29,2023,0,Sideways,0,0.8639,SELL,1,0,0.6379,SELL,1,10,"MACD,OBV,SMA_50,EMA_12,Rolling_Median_Return,Volume_MA,SMA_20,MACD_Hist,EMA_26,BB_Upper",MACD
HDFCBANK,2023-10-03,2023,0,Sideways,0,0.8655,SELL,1,0,0.6245,SELL,1,10,"MACD,OBV,SMA_50,EMA_12,Rolling_Median_Return,Volume_MA,SMA_20,MACD_Hist,EMA_26,BB_Upper",MACD
HDFCBANK,2023-10-04,2023,0,Sideways,0,0.8744,SELL,1,0,0.6627,SELL,1,10,"MACD,OBV,SMA_50,EMA_12,Rolling_Median_Return,Volume_MA,SMA_20,MACD_Hist,EMA_26,BB_Upper",MACD
HDFCBANK,2023-10-05,2023,0,Sideways,0,0.8816,SELL,1,0,0.6904,SELL,1,10,"MACD,OBV,SMA_50,EMA_12,Rolling_Median_Return,Volume_MA,SMA_20,MACD_Hist,EMA_26,BB_Upper",MACD
HDFCBANK,2023-10-06,2023,0,Sideways,0,0.8838,SELL,1,0,0.6817,SELL,1,10,"MACD,OBV,SMA_50,EMA_12,Rolling_Median_Return,Volume_MA,SMA_20,MACD_Hist,EMA_26,BB_Upper",MACD
HDFCBANK,2023-10-09,2023,0,Sideways,0,0.8842,SELL,1,0,0.6545,SELL,1,10,"MACD,OBV,SMA_50,EMA_12,Rolling_Median_Return,Volume_MA,SMA_20,MACD_Hist,EMA_26,BB_Upper",MACD
HDFCBANK,2023-10-10,2023,0,Sideways,0,0.8874,SELL,1,0,0.6504,SELL,1,10,"MACD,OBV,SMA_50,EMA_12,Rolling_Median_Return,Volume_MA,SMA_20,MACD_Hist,EMA_26,BB_Upper",MACD
HDFCBANK,2023-10-11,2023,0,Sideways,0,0.8963,SELL,1,0,0.6617,SELL,1,10,"MACD,OBV,SMA_50,EMA_12,Rolling_Median_Return,Volume_MA,SMA_20,MACD_Hist,EMA_26,BB_Upper",MACD
HDFCBANK,2023-10-12,2023,0,Sideways,0,0.9081,SELL,1,0,0.6593,SELL,1,10,"MACD,OBV,SMA_50,EMA_12,Rolling_Median_Return,Volume_MA,SMA_20,MACD_Hist,EMA_26,BB_Upper",MACD
HDFCBANK,2023-10-13,2023,0,Sideways,0,0.9108,SELL,1,0,0.6695,SELL,1,10,"MACD,OBV,SMA_50,EMA_12,Rolling_Median_Return,Volume_MA,SMA_20,MACD_Hist,EMA_26,BB_Upper",MACD
HDFCBANK,2023-10-16,2023,0,Sideways,0,0.9097,SELL,1,0,0.6802,SELL,1,10,"MACD,OBV,SMA_50,EMA_12,Rolling_Median_Return,Volume_MA,SMA_20,MACD_Hist,EMA_26,BB_Upper",MACD
HDFCBANK,2023-10-17,2023,0,Sideways,0,0.9071,SELL,1,0,0.7122,SELL,1,10,"MACD,OBV,SMA_50,EMA_12,Rolling_Median_Return,Volume_MA,SMA_20,MACD_Hist,EMA_26,BB_Upper",MACD
HDFCBANK,2023-10-18,2023,0,Sideways,0,0.8837,SELL,1,0,0.7174,SELL,1,10,"MACD,OBV,SMA_50,EMA_12,Rolling_Median_Return,Volume_MA,SMA_20,MACD_Hist,EMA_26,BB_Upper",MACD
HDFCBANK,2023-10-19,2023,0,Sideways,0,0.7362,SELL,1,0,0.7182,SELL,1,10,"MACD,OBV,SMA_50,EMA_12,Rolling_Median_Return,Volume_MA,SMA_20,MACD_Hist,EMA_26,BB_Upper",MACD
HDFCBANK,2023-10-20,2023,0,Sideways,0,0.739,SELL,1,0,0.7117,SELL,1,10,"MACD,OBV,SMA_50,EMA_12,Rolling_Median_Return,Volume_MA,SMA_20,MACD_Hist,EMA_26,BB_Upper",MACD
HDFCBANK,2023-10-23,2023,1,Sideways,0,0.7299,SELL,0,0,0.6115,SELL,0,10,"MACD,OBV,SMA_50,EMA_12,Rolling_Median_Return,Volume_MA,SMA_20,MACD_Hist,EMA_26,BB_Upper",MACD
HDFCBANK,2023-10-25,2023,1,Sideways,0,0.5033,NO TRADE,0,0,0.5831,SELL,0,10,"MACD,OBV,SMA_50,EMA_12,Rolling_Median_Return,Volume_MA,SMA_20,MACD_Hist,EMA_26,BB_Upper",MACD
HDFCBANK,2023-10-26,2023,1,Sideways,0,0.6005,SELL,0,0,0.6713,SELL,0,10,"MACD,OBV,SMA_50,EMA_12,Rolling_Median_Return,Volume_MA,SMA_20,MACD_Hist,EMA_26,BB_Upper",MACD
HDFCBANK,2023-10-27,2023,1,Sideways,0,0.5863,SELL,0,1,0.583,BUY,1,10,"MACD,OBV,SMA_50,EMA_12,Rolling_Median_Return,Volume_MA,SMA_20,MACD_Hist,EMA_26,BB_Upper",MACD
HDFCBANK,2023-10-30,2023,1,Sideways,1,0.5353,NO TRADE,1,1,0.5209,NO TRADE,1,10,"MACD,EMA_12,Volume_MA,OBV,Rolling_Median_Return,SMA_50,EMA_26,SMA_10,MACD_Hist,RSI_14",MACD
HDFCBANK,2023-10-31,2023,1,Sideways,1,0.6877,BUY,1,1,0.6574,BUY,1,10,"MACD,EMA_12,Volume_MA,OBV,Rolling_Median_Return,SMA_50,EMA_26,SMA_10,MACD_Hist,RSI_14",MACD
HDFCBANK,2023-11-01,2023,1,Sideways,1,0.7102,BUY,1,1,0.7235,BUY,1,10,"MACD,EMA_12,Volume_MA,OBV,Rolling_Median_Return,SMA_50,EMA_26,SMA_10,MACD_Hist,RSI_14",MACD
HDFCBANK,2023-11-02,2023,1,Sideways,1,0.7825,BUY,1,1,0.7529,BUY,1,10,"MACD,EMA_12,Volume_MA,OBV,Rolling_Median_Return,SMA_50,EMA_26,SMA_10,MACD_Hist,RSI_14",MACD
HDFCBANK,2023-11-03,2023,1,Sideways,1,0.8149,BUY,1,1,0.5831,BUY,1,10,"MACD,EMA_12,Volume_MA,OBV,Rolling_Median_Return,SMA_50,EMA_26,SMA_10,MACD_Hist,RSI_14",MACD
HDFCBANK,2023-11-06,2023,1,Sideways,1,0.7986,BUY,1,1,0.6064,BUY,1,10,"MACD,EMA_12,Volume_MA,OBV,Rolling_Median_Return,SMA_50,EMA_26,SMA_10,MACD_Hist,RSI_14",MACD
HDFCBANK,2023-11-07,2023,1,Sideways,1,0.8194,BUY,1,1,0.6793,BUY,1,10,"MACD,EMA_12,Volume_MA,OBV,Rolling_Median_Return,SMA_50,EMA_26,SMA_10,MACD_Hist,RSI_14",MACD
HDFCBANK,2023-11-08,2023,1,Sideways,1,0.7914,BUY,1,1,0.7064,BUY,1,10,"MACD,EMA_12,Volume_MA,OBV,Rolling_Median_Return,SMA_50,EMA_26,SMA_10,MACD_Hist,RSI_14",MACD
HDFCBANK,2023-11-09,2023,1,Sideways,1,0.8069,BUY,1,1,0.7718,BUY,1,10,"MACD,EMA_12,Volume_MA,OBV,Rolling_Median_Return,SMA_50,EMA_26,SMA_10,MACD_Hist,RSI_14",MACD
HDFCBANK,2023-11-10,2023,1,Sideways,1,0.8062,BUY,1,1,0.7528,BUY,1,10,"MACD,EMA_12,Volume_MA,OBV,Rolling_Median_Return,SMA_50,EMA_26,SMA_10,MACD_Hist,RSI_14",MACD
HDFCBANK,2023-11-13,2023,1,Sideways,1,0.8044,BUY,1,1,0.7839,BUY,1,10,"MACD,EMA_12,Volume_MA,OBV,Rolling_Median_Return,SMA_50,EMA_26,SMA_10,MACD_Hist,RSI_14",MACD
HDFCBANK,2023-11-15,2023,1,Sideways,1,0.6961,BUY,1,1,0.7021,BUY,1,10,"MACD,EMA_12,Volume_MA,OBV,Rolling_Median_Return,SMA_50,EMA_26,SMA_10,MACD_Hist,RSI_14",MACD
HDFCBANK,2023-11-16,2023,1,Sideways,1,0.8345,BUY,1,1,0.6681,BUY,1,10,"MACD,EMA_12,Volume_MA,OBV,Rolling_Median_Return,SMA_50,EMA_26,SMA_10,MACD_Hist,RSI_14",MACD
HDFCBANK,2023-11-17,2023,1,Sideways,1,0.7662,BUY,1,1,0.8126,BUY,1,10,"MACD,EMA_12,Volume_MA,OBV,Rolling_Median_Return,SMA_50,EMA_26,SMA_10,MACD_Hist,RSI_14",MACD
HDFCBANK,2023-11-20,2023,1,Sideways,1,0.8565,BUY,1,1,0.8187,BUY,1,10,"MACD,EMA_12,Volume_MA,OBV,Rolling_Median_Return,SMA_50,EMA_26,SMA_10,MACD_Hist,RSI_14",MACD
HDFCBANK,2023-11-21,2023,1,Sideways,1,0.9195,BUY,1,1,0.7017,BUY,1,10,"MACD,EMA_12,Volume_MA,OBV,Rolling_Median_Return,SMA_50,EMA_26,SMA_10,MACD_Hist,RSI_14",MACD
HDFCBANK,2023-11-22,2023,1,Sideways,1,0.932,BUY,1,1,0.8244,BUY,1,10,"MACD,EMA_12,Volume_MA,OBV,Rolling_Median_Return,SMA_50,EMA_26,SMA_10,MACD_Hist,RSI_14",MACD
HDFCBANK,2023-11-23,2023,1,Sideways,1,0.9332,BUY,1,1,0.8032,BUY,1,10,"MACD,EMA_12,Volume_MA,OBV,Rolling_Median_Return,SMA_50,EMA_26,SMA_10,MACD_Hist,RSI_14",MACD
HDFCBANK,2023-11-24,2023,1,Sideways,1,0.8132,BUY,1,1,0.7318,BUY,1,10,"MACD,EMA_12,Volume_MA,OBV,Rolling_Median_Return,SMA_50,EMA_26,SMA_10,MACD_Hist,RSI_14",MACD
HDFCBANK,2023-11-28,2023,1,Sideways,1,0.8395,BUY,1,1,0.8528,BUY,1,10,"MACD,EMA_12,Volume_MA,OBV,Rolling_Median_Return,SMA_50,EMA_26,SMA_10,MACD_Hist,RSI_14",MACD
HDFCBANK,2023-11-29,2023,1,Sideways,1,0.7758,BUY,1,1,0.767,BUY,1,10,"MACD,EMA_12,Volume_MA,OBV,Rolling_Median_Return,SMA_50,EMA_26,SMA_10,MACD_Hist,RSI_14",MACD
HDFCBANK,2023-11-30,2023,1,Sideways,1,0.7449,BUY,1,1,0.8446,BUY,1,10,"MACD,EMA_12,Volume_MA,OBV,Rolling_Median_Return,SMA_50,EMA_26,SMA_10,MACD_Hist,RSI_14",MACD
HDFCBANK,2023-12-01,2023,1,Sideways,1,0.8197,BUY,1,1,0.857,BUY,1,10,"MACD,EMA_12,Volume_MA,OBV,Rolling_Median_Return,SMA_50,EMA_26,SMA_10,MACD_Hist,RSI_14",MACD
HDFCBANK,2023-12-04,2023,1,Sideways,1,0.5581,BUY,1,1,0.7499,BUY,1,10,"MACD,EMA_12,Volume_MA,OBV,Rolling_Median_Return,SMA_50,EMA_26,SMA_10,MACD_Hist,RSI_14",MACD
HDFCBANK,2023-12-05,2023,1,Sideways,1,0.6263,BUY,1,1,0.7244,BUY,1,10,"MACD,EMA_12,Volume_MA,OBV,Rolling_Median_Return,SMA_50,EMA_26,SMA_10,MACD_Hist,RSI_14",MACD
HDFCBANK,2023-12-06,2023,1,Sideways,1,0.7854,BUY,1,1,0.7137,BUY,1,10,"MACD,EMA_12,Volume_MA,OBV,Rolling_Median_Return,SMA_50,EMA_26,SMA_10,MACD_Hist,RSI_14",MACD
HDFCBANK,2023-12-07,2023,1,Sideways,1,0.8264,BUY,1,1,0.733,BUY,1,10,"MACD,EMA_12,Volume_MA,OBV,Rolling_Median_Return,SMA_50,EMA_26,SMA_10,MACD_Hist,RSI_14",MACD
HDFCBANK,2023-12-08,2023,1,Sideways,1,0.825,BUY,1,1,0.7344,BUY,1,10,"MACD,EMA_12,Volume_MA,OBV,Rolling_Median_Return,SMA_50,EMA_26,SMA_10,MACD_Hist,RSI_14",MACD
HDFCBANK,2023-12-11,2023,0,Sideways,1,0.8407,BUY,0,1,0.7741,BUY,0,10,"MACD,EMA_12,Volume_MA,OBV,Rolling_Median_Return,SMA_50,EMA_26,SMA_10,MACD_Hist,RSI_14",MACD
HDFCBANK,2023-12-12,2023,1,Sideways,1,0.7972,BUY,1,1,0.6472,BUY,1,10,"MACD,EMA_12,Volume_MA,OBV,Rolling_Median_Return,SMA_50,EMA_26,SMA_10,MACD_Hist,RSI_14",MACD
HDFCBANK,2023-12-13,2023,1,Sideways,1,0.822,BUY,1,0,0.6407,SELL,0,10,"MACD,Volume_MA,EMA_12,Rolling_Mean_Return,SMA_20,Rolling_Volatility,EMA_26,MACD_Signal,SMA_50,Return_5d",MACD
HDFCBANK,2023-12-14,2023,0,Sideways,1,0.6696,BUY,0,0,0.5341,NO TRADE,1,10,"MACD,Volume_MA,EMA_12,Rolling_Mean_Return,SMA_20,Rolling_Volatility,EMA_26,MACD_Signal,SMA_50,Return_5d",MACD
HDFCBANK,2023-12-15,2023,1,Sideways,0,0.5142,NO TRADE,0,0,0.7731,SELL,0,10,"MACD,Volume_MA,EMA_12,Rolling_Mean_Return,SMA_20,Rolling_Volatility,EMA_26,MACD_Signal,SMA_50,Return_5d",MACD
HDFCBANK,2023-12-18,2023,1,Sideways,1,0.5476,NO TRADE,1,0,0.7011,SELL,0,10,"MACD,Volume_MA,EMA_12,Rolling_Mean_Return,SMA_20,Rolling_Volatility,EMA_26,MACD_Signal,SMA_50,Return_5d",MACD
HDFCBANK,2023-12-19,2023,0,Sideways,1,0.5148,NO TRADE,0,0,0.688,SELL,1,10,"MACD,Volume_MA,EMA_12,Rolling_Mean_Return,SMA_20,Rolling_Volatility,EMA_26,MACD_Signal,SMA_50,Return_5d",MACD
HDFCBANK,2023-12-20,2023,0,Sideways,1,0.5036,NO TRADE,0,0,0.7266,SELL,1,10,"MACD,Volume_MA,EMA_12,Rolling_Mean_Return,SMA_20,Rolling_Volatility,EMA_26,MACD_Signal,SMA_50,Return_5d",MACD
HDFCBANK,2023-12-21,2023,0,Sideways,0,0.5612,SELL,1,0,0.6186,SELL,1,10,"MACD,Volume_MA,EMA_12,Rolling_Mean_Return,SMA_20,Rolling_Volatility,EMA_26,MACD_Signal,SMA_50,Return_5d",MACD
HDFCBANK,2023-12-22,2023,0,Sideways,0,0.8791,SELL,1,0,0.7027,SELL,1,10,"MACD,Volume_MA,EMA_12,Rolling_Mean_Return,SMA_20,Rolling_Volatility,EMA_26,MACD_Signal,SMA_50,Return_5d",MACD
HDFCBANK,2023-12-26,2023,0,Sideways,0,0.8893,SELL,1,0,0.7178,SELL,1,10,"MACD,Volume_MA,EMA_12,Rolling_Mean_Return,SMA_20,Rolling_Volatility,EMA_26,MACD_Signal,SMA_50,Return_5d",MACD
HDFCBANK,2023-12-27,2023,0,Sideways,0,0.9085,SELL,1,0,0.7269,SELL,1,10,"MACD,Volume_MA,EMA_12,Rolling_Mean_Return,SMA_20,Rolling_Volatility,EMA_26,MACD_Signal,SMA_50,Return_5d",MACD
HDFCBANK,2023-12-28,2023,0,Sideways,0,0.9238,SELL,1,0,0.7327,SELL,1,10,"MACD,Volume_MA,EMA_12,Rolling_Mean_Return,SMA_20,Rolling_Volatility,EMA_26,MACD_Signal,SMA_50,Return_5d",MACD
HDFCBANK,2023-12-29,2023,0,Sideways,0,0.9274,SELL,1,0,0.7388,SELL,1,10,"MACD,Volume_MA,EMA_12,Rolling_Mean_Return,SMA_20,Rolling_Volatility,EMA_26,MACD_Signal,SMA_50,Return_5d",MACD
HDFCBANK,2024-01-01,2024,0,Sideways,0,0.9328,SELL,1,0,0.8284,SELL,1,10,"MACD,Volume_MA,EMA_12,Rolling_Mean_Return,SMA_20,Rolling_Volatility,EMA_26,MACD_Signal,SMA_50,Return_5d",MACD
HDFCBANK,2024-01-02,2024,0,Sideways,0,0.9352,SELL,1,0,0.824,SELL,1,10,"MACD,Volume_MA,EMA_12,Rolling_Mean_Return,SMA_20,Rolling_Volatility,EMA_26,MACD_Signal,SMA_50,Return_5d",MACD
HDFCBANK,2024-01-03,2024,0,Sideways,0,0.9341,SELL,1,0,0.8202,SELL,1,10,"MACD,Volume_MA,EMA_12,Rolling_Mean_Return,SMA_20,Rolling_Volatility,EMA_26,MACD_Signal,SMA_50,Return_5d",MACD
HDFCBANK,2024-01-04,2024,0,Sideways,0,0.9343,SELL,1,0,0.8211,SELL,1,10,"MACD,Volume_MA,EMA_12,Rolling_Mean_Return,SMA_20,Rolling_Volatility,EMA_26,MACD_Signal,SMA_50,Return_5d",MACD
HDFCBANK,2024-01-05,2024,0,Sideways,0,0.9326,SELL,1,0,0.8207,SELL,1,10,"MACD,Volume_MA,EMA_12,Rolling_Mean_Return,SMA_20,Rolling_Volatility,EMA_26,MACD_Signal,SMA_50,Return_5d",MACD
HDFCBANK,2024-01-08,2024,0,Sideways,0,0.8311,SELL,1,0,0.8198,SELL,1,10,"MACD,Volume_MA,EMA_12,Rolling_Mean_Return,SMA_20,Rolling_Volatility,EMA_26,MACD_Signal,SMA_50,Return_5d",MACD
HDFCBANK,2024-01-09,2024,0,Sideways,0,0.9239,SELL,1,0,0.8214,SELL,1,10,"MACD,Volume_MA,EMA_12,Rolling_Mean_Return,SMA_20,Rolling_Volatility,EMA_26,MACD_Signal,SMA_50,Return_5d",MACD
HDFCBANK,2024-01-10,2024,0,Sideways,0,0.9172,SELL,1,0,0.8247,SELL,1,10,"MACD,Volume_MA,EMA_12,Rolling_Mean_Return,SMA_20,Rolling_Volatility,EMA_26,MACD_Signal,SMA_50,Return_5d",MACD
HDFCBANK,2024-01-11,2024,0,Sideways,0,0.911,SELL,1,0,0.8304,SELL,1,10,"MACD,Volume_MA,EMA_12,Rolling_Mean_Return,SMA_20,Rolling_Volatility,EMA_26,MACD_Signal,SMA_50,Return_5d",MACD
HDFCBANK,2024-01-12,2024,0,Sideways,0,0.8549,SELL,1,0,0.8629,SELL,1,10,"MACD,Volume_MA,EMA_12,Rolling_Mean_Return,SMA_20,Rolling_Volatility,EMA_26,MACD_Signal,SMA_50,Return_5d",MACD
HDFCBANK,2024-01-15,2024,0,Sideways,0,0.7831,SELL,1,0,0.8818,SELL,1,10,"MACD,Volume_MA,EMA_12,Rolling_Mean_Return,SMA_20,Rolling_Volatility,EMA_26,MACD_Signal,SMA_50,Return_5d",MACD
HDFCBANK,2024-01-16,2024,0,Sideways,0,0.7777,SELL,1,0,0.8812,SELL,1,10,"MACD,Volume_MA,EMA_12,Rolling_Mean_Return,SMA_20,Rolling_Volatility,EMA_26,MACD_Signal,SMA_50,Return_5d",MACD
HDFCBANK,2024-01-17,2024,0,Sideways,0,0.7175,SELL,1,0,0.9139,SELL,1,10,"MACD,Volume_MA,EMA_12,Rolling_Mean_Return,SMA_20,Rolling_Volatility,EMA_26,MACD_Signal,SMA_50,Return_5d",MACD
HDFCBANK,2024-01-18,2024,0,Sideways,0,0.7739,SELL,1,0,0.9151,SELL,1,10,"MACD,Volume_MA,EMA_12,Rolling_Mean_Return,SMA_20,Rolling_Volatility,EMA_26,MACD_Signal,SMA_50,Return_5d",MACD
HDFCBANK,2024-01-19,2024,0,Sideways,0,0.831,SELL,1,0,0.9094,SELL,1,10,"MACD,Volume_MA,EMA_12,Rolling_Mean_Return,SMA_20,Rolling_Volatility,EMA_26,MACD_Signal,SMA_50,Return_5d",MACD
HDFCBANK,2024-01-23,2024,1,Sideways,0,0.5452,NO TRADE,0,0,0.8796,SELL,0,10,"MACD,Volume_MA,EMA_12,Rolling_Mean_Return,SMA_20,Rolling_Volatility,EMA_26,MACD_Signal,SMA_50,Return_5d",MACD
HDFCBANK,2024-01-24,2024,0,Sideways,1,0.823,BUY,0,1,0.6266,BUY,0,10,"MACD,Volume_MA,EMA_12,Rolling_Mean_Return,SMA_20,Rolling_Volatility,EMA_26,MACD_Signal,SMA_50,Return_5d",MACD
HDFCBANK,2024-01-25,2024,0,Sideways,0,0.5065,NO TRADE,1,1,0.5525,BUY,0,10,"MACD,Volume_MA,EMA_12,Rolling_Mean_Return,SMA_20,Rolling_Volatility,EMA_26,MACD_Signal,SMA_50,Return_5d",MACD
HDFCBANK,2024-01-29,2024,0,Sideways,0,0.6285,SELL,1,0,0.6267,SELL,1,10,"Volume_MA,MACD_Hist,SMA_10,Rolling_Volatility,SMA_50,SMA_20,ROC,MACD,Williams_R,EMA_26",Volume_MA
HDFCBANK,2024-01-30,2024,0,Sideways,0,0.8022,SELL,1,0,0.7614,SELL,1,10,"Volume_MA,MACD_Hist,SMA_10,Rolling_Volatility,SMA_50,SMA_20,ROC,MACD,Williams_R,EMA_26",Volume_MA
HDFCBANK,2024-01-31,2024,0,Sideways,0,0.8359,SELL,1,0,0.6251,SELL,1,10,"Volume_MA,MACD_Hist,SMA_10,Rolling_Volatility,SMA_50,SMA_20,ROC,MACD,Williams_R,EMA_26",Volume_MA
HDFCBANK,2024-02-01,2024,0,Sideways,0,0.8494,SELL,1,0,0.8001,SELL,1,10,"Volume_MA,MACD_Hist,SMA_10,Rolling_Volatility,SMA_50,SMA_20,ROC,MACD,Williams_R,EMA_26",Volume_MA
HDFCBANK,2024-02-02,2024,0,Sideways,0,0.8795,SELL,1,0,0.6656,SELL,1,10,"Volume_MA,MACD_Hist,SMA_10,Rolling_Volatility,SMA_50,SMA_20,ROC,MACD,Williams_R,EMA_26",Volume_MA
HDFCBANK,2024-02-05,2024,0,Sideways,0,0.8831,SELL,1,0,0.711,SELL,1,10,"Volume_MA,MACD_Hist,SMA_10,Rolling_Volatility,SMA_50,SMA_20,ROC,MACD,Williams_R,EMA_26",Volume_MA
HDFCBANK,2024-02-06,2024,0,Sideways,0,0.8844,SELL,1,0,0.7149,SELL,1,10,"Volume_MA,MACD_Hist,SMA_10,Rolling_Volatility,SMA_50,SMA_20,ROC,MACD,Williams_R,EMA_26",Volume_MA
HDFCBANK,2024-02-07,2024,1,Sideways,0,0.8854,SELL,0,0,0.7319,SELL,0,10,"Volume_MA,MACD_Hist,SMA_10,Rolling_Volatility,SMA_50,SMA_20,ROC,MACD,Williams_R,EMA_26",Volume_MA
HDFCBANK,2024-02-08,2024,1,Sideways,0,0.7465,SELL,0,1,0.5655,BUY,1,10,"Volume_MA,MACD_Hist,SMA_10,Rolling_Volatility,SMA_50,SMA_20,ROC,MACD,Williams_R,EMA_26",Volume_MA
HDFCBANK,2024-02-09,2024,1,Sideways,0,0.5515,SELL,0,1,0.6146,BUY,1,10,"Volume_MA,MACD_Hist,SMA_10,Rolling_Volatility,SMA_50,SMA_20,ROC,MACD,Williams_R,EMA_26",Volume_MA
HDFCBANK,2024-02-12,2024,1,Sideways,1,0.5814,BUY,1,1,0.7113,BUY,1,10,"Volume_MA,MACD_Hist,SMA_10,Rolling_Volatility,SMA_50,SMA_20,ROC,MACD,Williams_R,EMA_26",Volume_MA
HDFCBANK,2024-02-13,2024,1,Sideways,1,0.6436,BUY,1,1,0.7977,BUY,1,10,"Volume_MA,MACD_Hist,SMA_10,Rolling_Volatility,SMA_50,SMA_20,ROC,MACD,Williams_R,EMA_26",Volume_MA
HDFCBANK,2024-02-14,2024,1,Sideways,1,0.6348,BUY,1,1,0.6754,BUY,1,10,"Volume_MA,MACD_Hist,SMA_10,Rolling_Volatility,SMA_50,SMA_20,ROC,MACD,Williams_R,EMA_26",Volume_MA
HDFCBANK,2024-02-15,2024,1,Sideways,1,0.6509,BUY,1,1,0.833,BUY,1,10,"Volume_MA,MACD_Hist,SMA_10,Rolling_Volatility,SMA_50,SMA_20,ROC,MACD,Williams_R,EMA_26",Volume_MA
HDFCBANK,2024-02-16,2024,1,Sideways,1,0.612,BUY,1,1,0.8506,BUY,1,10,"Volume_MA,MACD_Hist,SMA_10,Rolling_Volatility,SMA_50,SMA_20,ROC,MACD,Williams_R,EMA_26",Volume_MA
HDFCBANK,2024-02-19,2024,1,Sideways,1,0.6597,BUY,1,1,0.9375,BUY,1,10,"Volume_MA,MACD_Hist,SMA_10,Rolling_Volatility,SMA_50,SMA_20,ROC,MACD,Williams_R,EMA_26",Volume_MA
HDFCBANK,2024-02-20,2024,0,Sideways,1,0.7416,BUY,0,1,0.9139,BUY,0,10,"Volume_MA,MACD_Hist,SMA_10,Rolling_Volatility,SMA_50,SMA_20,ROC,MACD,Williams_R,EMA_26",Volume_MA
HDFCBANK,2024-02-21,2024,1,Sideways,1,0.5386,NO TRADE,1,1,0.6883,BUY,1,10,"Volume_MA,MACD_Hist,SMA_10,Rolling_Volatility,SMA_50,SMA_20,ROC,MACD,Williams_R,EMA_26",Volume_MA
HDFCBANK,2024-02-22,2024,1,Sideways,1,0.6829,BUY,1,1,0.6892,BUY,1,10,"Volume_MA,MACD_Hist,SMA_10,Rolling_Volatility,SMA_50,SMA_20,ROC,MACD,Williams_R,EMA_26",Volume_MA
HDFCBANK,2024-02-23,2024,1,Sideways,1,0.7249,BUY,1,1,0.82,BUY,1,10,"Volume_MA,MACD_Hist,SMA_10,Rolling_Volatility,SMA_50,SMA_20,ROC,MACD,Williams_R,EMA_26",Volume_MA
HDFCBANK,2024-02-26,2024,1,Sideways,1,0.725,BUY,1,1,0.8559,BUY,1,10,"Volume_MA,MACD_Hist,SMA_10,Rolling_Volatility,SMA_50,SMA_20,ROC,MACD,Williams_R,EMA_26",Volume_MA
HDFCBANK,2024-02-27,2024,1,Sideways,1,0.7261,BUY,1,1,0.8966,BUY,1,10,"Volume_MA,MACD_Hist,SMA_10,Rolling_Volatility,SMA_50,SMA_20,ROC,MACD,Williams_R,EMA_26",Volume_MA
HDFCBANK,2024-02-28,2024,1,Sideways,1,0.8251,BUY,1,1,0.8219,BUY,1,10,"Volume_MA,MACD_Hist,SMA_10,Rolling_Volatility,SMA_50,SMA_20,ROC,MACD,Williams_R,EMA_26",Volume_MA
HDFCBANK,2024-02-29,2024,1,Sideways,1,0.7291,BUY,1,1,0.9537,BUY,1,10,"Volume_MA,MACD_Hist,SMA_10,Rolling_Volatility,SMA_50,SMA_20,ROC,MACD,Williams_R,EMA_26",Volume_MA
HDFCBANK,2024-03-01,2024,1,Sideways,1,0.7271,BUY,1,1,0.8836,BUY,1,10,"Volume_MA,MACD_Hist,SMA_10,Rolling_Volatility,SMA_50,SMA_20,ROC,MACD,Williams_R,EMA_26",Volume_MA
HDFCBANK,2024-03-04,2024,1,Sideways,1,0.8228,BUY,1,1,0.9356,BUY,1,10,"Volume_MA,MACD_Hist,SMA_10,Rolling_Volatility,SMA_50,SMA_20,ROC,MACD,Williams_R,EMA_26",Volume_MA
HDFCBANK,2024-03-05,2024,1,Sideways,1,0.8227,BUY,1,1,0.9541,BUY,1,10,"Volume_MA,MACD_Hist,SMA_10,Rolling_Volatility,SMA_50,SMA_20,ROC,MACD,Williams_R,EMA_26",Volume_MA
HDFCBANK,2024-03-06,2024,1,Sideways,1,0.8243,BUY,1,1,0.8226,BUY,1,10,"Volume_MA,MACD_Hist,SMA_10,Rolling_Volatility,SMA_50,SMA_20,ROC,MACD,Williams_R,EMA_26",Volume_MA
HDFCBANK,2024-03-07,2024,1,Sideways,1,0.7117,BUY,1,1,0.8151,BUY,1,10,"Volume_MA,MACD_Hist,SMA_10,Rolling_Volatility,SMA_50,SMA_20,ROC,MACD,Williams_R,EMA_26",Volume_MA
HDFCBANK,2024-03-11,2024,1,Sideways,1,0.7312,BUY,1,1,0.8348,BUY,1,10,"Volume_MA,MACD_Hist,SMA_10,Rolling_Volatility,SMA_50,SMA_20,ROC,MACD,Williams_R,EMA_26",Volume_MA
HDFCBANK,2024-03-12,2024,1,Sideways,1,0.8233,BUY,1,1,0.6842,BUY,1,10,"SMA_10,EMA_12,SMA_20,BB_Width,EMA_26,Volume_MA,ADX,OBV,SMA_50,MACD",SMA_10
HDFCBANK,2024-03-13,2024,1,Sideways,1,0.8277,BUY,1,1,0.7334,BUY,1,10,"SMA_10,EMA_12,SMA_20,BB_Width,EMA_26,Volume_MA,ADX,OBV,SMA_50,MACD",SMA_10
HDFCBANK,2024-03-14,2024,1,Sideways,1,0.8122,BUY,1,1,0.6978,BUY,1,10,"SMA_10,EMA_12,SMA_20,BB_Width,EMA_26,Volume_MA,ADX,OBV,SMA_50,MACD",SMA_10
HDFCBANK,2024-03-15,2024,1,Sideways,1,0.7292,BUY,1,1,0.52,NO TRADE,1,10,"SMA_10,EMA_12,SMA_20,BB_Width,EMA_26,Volume_MA,ADX,OBV,SMA_50,MACD",SMA_10
HDFCBANK,2024-03-18,2024,1,Sideways,1,0.7359,BUY,1,1,0.8315,BUY,1,10,"SMA_10,EMA_12,SMA_20,BB_Width,EMA_26,Volume_MA,ADX,OBV,SMA_50,MACD",SMA_10
HDFCBANK,2024-03-19,2024,1,Sideways,1,0.736,BUY,1,1,0.8344,BUY,1,10,"SMA_10,EMA_12,SMA_20,BB_Width,EMA_26,Volume_MA,ADX,OBV,SMA_50,MACD",SMA_10
HDFCBANK,2024-03-20,2024,1,Sideways,1,0.7395,BUY,1,1,0.8494,BUY,1,10,"SMA_10,EMA_12,SMA_20,BB_Width,EMA_26,Volume_MA,ADX,OBV,SMA_50,MACD",SMA_10
HDFCBANK,2024-03-21,2024,1,Sideways,1,0.7351,BUY,1,1,0.8538,BUY,1,10,"SMA_10,EMA_12,SMA_20,BB_Width,EMA_26,Volume_MA,ADX,OBV,SMA_50,MACD",SMA_10
HDFCBANK,2024-03-22,2024,1,Sideways,1,0.832,BUY,1,1,0.856,BUY,1,10,"SMA_10,EMA_12,SMA_20,BB_Width,EMA_26,Volume_MA,ADX,OBV,SMA_50,MACD",SMA_10
HDFCBANK,2024-03-26,2024,1,Sideways,1,0.7394,BUY,1,1,0.8556,BUY,1,10,"SMA_10,EMA_12,SMA_20,BB_Width,EMA_26,Volume_MA,ADX,OBV,SMA_50,MACD",SMA_10
HDFCBANK,2024-03-27,2024,1,Sideways,1,0.7397,BUY,1,1,0.8345,BUY,1,10,"SMA_10,EMA_12,SMA_20,BB_Width,EMA_26,Volume_MA,ADX,OBV,SMA_50,MACD",SMA_10
HDFCBANK,2024-03-28,2024,1,Sideways,1,0.7421,BUY,1,1,0.9049,BUY,1,10,"SMA_10,EMA_12,SMA_20,BB_Width,EMA_26,Volume_MA,ADX,OBV,SMA_50,MACD",SMA_10
HDFCBANK,2024-04-01,2024,1,Sideways,1,0.7438,BUY,1,1,0.9245,BUY,1,10,"SMA_10,EMA_12,SMA_20,BB_Width,EMA_26,Volume_MA,ADX,OBV,SMA_50,MACD",SMA_10
HDFCBANK,2024-04-02,2024,1,Sideways,1,0.7453,BUY,1,1,0.9313,BUY,1,10,"SMA_10,EMA_12,SMA_20,BB_Width,EMA_26,Volume_MA,ADX,OBV,SMA_50,MACD",SMA_10
HDFCBANK,2024-04-03,2024,1,Sideways,1,0.63,BUY,1,1,0.8552,BUY,1,10,"SMA_10,EMA_12,SMA_20,BB_Width,EMA_26,Volume_MA,ADX,OBV,SMA_50,MACD",SMA_10
HDFCBANK,2024-04-04,2024,0,Sideways,1,0.74,BUY,0,1,0.7142,BUY,0,10,"SMA_10,EMA_12,SMA_20,BB_Width,EMA_26,Volume_MA,ADX,OBV,SMA_50,MACD",SMA_10
HDFCBANK,2024-04-05,2024,0,Sideways,1,0.6254,BUY,0,1,0.7204,BUY,0,10,"SMA_10,EMA_12,SMA_20,BB_Width,EMA_26,Volume_MA,ADX,OBV,SMA_50,MACD",SMA_10
HDFCBANK,2024-04-08,2024,0,Sideways,1,0.6241,BUY,0,1,0.5225,NO TRADE,0,10,"SMA_10,EMA_12,SMA_20,BB_Width,EMA_26,Volume_MA,ADX,OBV,SMA_50,MACD",SMA_10
HDFCBANK,2024-04-09,2024,0,Sideways,1,0.6188,BUY,0,0,0.5105,NO TRADE,1,10,"SMA_10,EMA_12,SMA_20,BB_Width,EMA_26,Volume_MA,ADX,OBV,SMA_50,MACD",SMA_10
HDFCBANK,2024-04-10,2024,0,Sideways,1,0.6103,BUY,0,0,0.5227,NO TRADE,1,10,"SMA_10,EMA_12,SMA_20,BB_Width,EMA_26,Volume_MA,ADX,OBV,SMA_50,MACD",SMA_10
HDFCBANK,2024-04-12,2024,0,Sideways,0,0.5777,SELL,1,1,0.5529,BUY,0,10,"SMA_10,EMA_12,SMA_20,BB_Width,EMA_26,Volume_MA,ADX,OBV,SMA_50,MACD",SMA_10
HDFCBANK,2024-04-15,2024,0,Sideways,0,0.5895,SELL,1,1,0.5614,BUY,0,10,"SMA_10,EMA_12,SMA_20,BB_Width,EMA_26,Volume_MA,ADX,OBV,SMA_50,MACD",SMA_10
HDFCBANK,2024-04-16,2024,0,Sideways,1,0.5921,BUY,0,0,0.5257,NO TRADE,1,10,"SMA_10,EMA_12,SMA_20,BB_Width,EMA_26,Volume_MA,ADX,OBV,SMA_50,MACD",SMA_10
HDFCBANK,2024-04-18,2024,0,Sideways,1,0.5387,NO TRADE,0,1,0.5013,NO TRADE,0,10,"SMA_10,EMA_12,SMA_20,BB_Width,EMA_26,Volume_MA,ADX,OBV,SMA_50,MACD",SMA_10
HDFCBANK,2024-04-19,2024,0,Sideways,1,0.5414,NO TRADE,0,0,0.568,SELL,1,10,"SMA_10,EMA_12,SMA_20,BB_Width,EMA_26,Volume_MA,ADX,OBV,SMA_50,MACD",SMA_10
HDFCBANK,2024-04-22,2024,0,Sideways,0,0.5931,SELL,1,0,0.5291,NO TRADE,1,10,"SMA_10,EMA_12,SMA_20,BB_Width,EMA_26,Volume_MA,ADX,OBV,SMA_50,MACD",SMA_10
HDFCBANK,2024-04-23,2024,1,Sideways,0,0.5875,SELL,0,0,0.51,NO TRADE,0,10,"SMA_10,EMA_12,SMA_20,BB_Width,EMA_26,Volume_MA,ADX,OBV,SMA_50,MACD",SMA_10
HDFCBANK,2024-04-24,2024,1,Sideways,1,0.5507,BUY,1,0,0.5307,NO TRADE,0,10,"SMA_10,EMA_12,SMA_20,BB_Width,EMA_26,Volume_MA,ADX,OBV,SMA_50,MACD",SMA_10
HDFCBANK,2024-04-25,2024,1,Sideways,1,0.5727,BUY,1,1,0.5303,NO TRADE,1,10,"SMA_10,EMA_12,SMA_20,BB_Width,EMA_26,Volume_MA,ADX,OBV,SMA_50,MACD",SMA_10
HDFCBANK,2024-04-26,2024,1,Sideways,1,0.7023,BUY,1,1,0.573,BUY,1,10,"SMA_10,EMA_12,SMA_20,BB_Width,EMA_26,Volume_MA,ADX,OBV,SMA_50,MACD",SMA_10
HDFCBANK,2024-04-29,2024,0,Sideways,1,0.867,BUY,0,1,0.5828,BUY,0,10,"EMA_26,SMA_20,EMA_12,ADX,SMA_10,Volume_MA,MACD,SMA_50,OBV,BB_Width",EMA_26
HDFCBANK,2024-04-30,2024,1,Sideways,1,0.7573,BUY,1,1,0.5212,NO TRADE,1,10,"EMA_26,SMA_20,EMA_12,ADX,SMA_10,Volume_MA,MACD,SMA_50,OBV,BB_Width",EMA_26
HDFCBANK,2024-05-02,2024,1,Sideways,1,0.6937,BUY,1,1,0.5564,BUY,1,10,"EMA_26,SMA_20,EMA_12,ADX,SMA_10,Volume_MA,MACD,SMA_50,OBV,BB_Width",EMA_26
HDFCBANK,2024-05-03,2024,1,Sideways,1,0.8453,BUY,1,1,0.6145,BUY,1,10,"EMA_26,SMA_20,EMA_12,ADX,SMA_10,Volume_MA,MACD,SMA_50,OBV,BB_Width",EMA_26
HDFCBANK,2024-05-06,2024,0,Sideways,1,0.7601,BUY,0,1,0.7291,BUY,0,10,"EMA_26,SMA_20,EMA_12,ADX,SMA_10,Volume_MA,MACD,SMA_50,OBV,BB_Width",EMA_26
HDFCBANK,2024-05-07,2024,1,Sideways,1,0.8348,BUY,1,1,0.6917,BUY,1,10,"EMA_26,SMA_20,EMA_12,ADX,SMA_10,Volume_MA,MACD,SMA_50,OBV,BB_Width",EMA_26
HDFCBANK,2024-05-08,2024,1,Sideways,1,0.8367,BUY,1,1,0.7751,BUY,1,10,"EMA_26,SMA_20,EMA_12,ADX,SMA_10,Volume_MA,MACD,SMA_50,OBV,BB_Width",EMA_26
HDFCBANK,2024-05-09,2024,1,Sideways,1,0.7884,BUY,1,1,0.8007,BUY,1,10,"EMA_26,SMA_20,EMA_12,ADX,SMA_10,Volume_MA,MACD,SMA_50,OBV,BB_Width",EMA_26
HDFCBANK,2024-05-10,2024,1,Sideways,1,0.9343,BUY,1,1,0.8208,BUY,1,10,"EMA_26,SMA_20,EMA_12,ADX,SMA_10,Volume_MA,MACD,SMA_50,OBV,BB_Width",EMA_26
HDFCBANK,2024-05-13,2024,1,Sideways,1,0.9351,BUY,1,1,0.8408,BUY,1,10,"EMA_26,SMA_20,EMA_12,ADX,SMA_10,Volume_MA,MACD,SMA_50,OBV,BB_Width",EMA_26
HDFCBANK,2024-05-14,2024,1,Sideways,1,0.954,BUY,1,1,0.8572,BUY,1,10,"EMA_26,SMA_20,EMA_12,ADX,SMA_10,Volume_MA,MACD,SMA_50,OBV,BB_Width",EMA_26
HDFCBANK,2024-05-15,2024,1,Sideways,1,0.9359,BUY,1,1,0.7731,BUY,1,10,"EMA_26,SMA_20,EMA_12,ADX,SMA_10,Volume_MA,MACD,SMA_50,OBV,BB_Width",EMA_26
HDFCBANK,2024-05-16,2024,1,Sideways,1,0.9368,BUY,1,1,0.8568,BUY,1,10,"EMA_26,SMA_20,EMA_12,ADX,SMA_10,Volume_MA,MACD,SMA_50,OBV,BB_Width",EMA_26
HDFCBANK,2024-05-17,2024,1,Sideways,1,0.9382,BUY,1,1,0.8968,BUY,1,10,"EMA_26,SMA_20,EMA_12,ADX,SMA_10,Volume_MA,MACD,SMA_50,OBV,BB_Width",EMA_26
HDFCBANK,2024-05-21,2024,1,Sideways,1,0.9388,BUY,1,1,0.9104,BUY,1,10,"EMA_26,SMA_20,EMA_12,ADX,SMA_10,Volume_MA,MACD,SMA_50,OBV,BB_Width",EMA_26
HDFCBANK,2024-05-22,2024,1,Sideways,1,0.9396,BUY,1,1,0.9194,BUY,1,10,"EMA_26,SMA_20,EMA_12,ADX,SMA_10,Volume_MA,MACD,SMA_50,OBV,BB_Width",EMA_26
HDFCBANK,2024-05-23,2024,1,Sideways,1,0.9016,BUY,1,1,0.8987,BUY,1,10,"EMA_26,SMA_20,EMA_12,ADX,SMA_10,Volume_MA,MACD,SMA_50,OBV,BB_Width",EMA_26
HDFCBANK,2024-05-24,2024,1,Sideways,1,0.8441,BUY,1,1,0.8556,BUY,1,10,"EMA_26,SMA_20,EMA_12,ADX,SMA_10,Volume_MA,MACD,SMA_50,OBV,BB_Width",EMA_26
HDFCBANK,2024-05-27,2024,1,Sideways,1,0.7575,BUY,1,1,0.7147,BUY,1,10,"EMA_26,SMA_20,EMA_12,ADX,SMA_10,Volume_MA,MACD,SMA_50,OBV,BB_Width",EMA_26
HDFCBANK,2024-05-28,2024,1,Sideways,1,0.7607,BUY,1,1,0.7885,BUY,1,10,"EMA_26,SMA_20,EMA_12,ADX,SMA_10,Volume_MA,MACD,SMA_50,OBV,BB_Width",EMA_26
HDFCBANK,2024-05-29,2024,1,Sideways,1,0.9074,BUY,1,1,0.829,BUY,1,10,"EMA_26,SMA_20,EMA_12,ADX,SMA_10,Volume_MA,MACD,SMA_50,OBV,BB_Width",EMA_26
HDFCBANK,2024-05-30,2024,1,Sideways,1,0.9115,BUY,1,1,0.8541,BUY,1,10,"EMA_26,SMA_20,EMA_12,ADX,SMA_10,Volume_MA,MACD,SMA_50,OBV,BB_Width",EMA_26
HDFCBANK,2024-05-31,2024,1,Sideways,1,0.9069,BUY,1,1,0.7154,BUY,1,10,"EMA_26,SMA_20,EMA_12,ADX,SMA_10,Volume_MA,MACD,SMA_50,OBV,BB_Width",EMA_26
HDFCBANK,2024-06-03,2024,1,Sideways,1,0.6916,BUY,1,1,0.6356,BUY,1,10,"EMA_26,SMA_20,EMA_12,ADX,SMA_10,Volume_MA,MACD,SMA_50,OBV,BB_Width",EMA_26
HDFCBANK,2024-06-04,2024,1,Sideways,0,0.8413,SELL,0,1,0.7995,BUY,1,10,"EMA_26,SMA_20,EMA_12,ADX,SMA_10,Volume_MA,MACD,SMA_50,OBV,BB_Width",EMA_26
HDFCBANK,2024-06-05,2024,1,Sideways,0,0.7417,SELL,0,1,0.7667,BUY,1,10,"EMA_26,SMA_20,EMA_12,ADX,SMA_10,Volume_MA,MACD,SMA_50,OBV,BB_Width",EMA_26
HDFCBANK,2024-06-06,2024,1,Sideways,1,0.5262,NO TRADE,1,1,0.7615,BUY,1,10,"EMA_26,SMA_20,EMA_12,ADX,SMA_10,Volume_MA,MACD,SMA_50,OBV,BB_Width",EMA_26
HDFCBANK,2024-06-07,2024,1,Sideways,1,0.5477,NO TRADE,1,1,0.7703,BUY,1,10,"EMA_26,SMA_20,EMA_12,ADX,SMA_10,Volume_MA,MACD,SMA_50,OBV,BB_Width",EMA_26
HDFCBANK,2024-06-10,2024,1,Sideways,1,0.5759,BUY,1,1,0.7809,BUY,1,10,"EMA_26,SMA_20,EMA_12,ADX,SMA_10,Volume_MA,MACD,SMA_50,OBV,BB_Width",EMA_26
HDFCBANK,2024-06-11,2024,1,Sideways,1,0.5847,BUY,1,1,0.7874,BUY,1,10,"EMA_26,SMA_20,EMA_12,ADX,SMA_10,Volume_MA,MACD,SMA_50,OBV,BB_Width",EMA_26
HDFCBANK,2024-06-12,2024,1,Sideways,1,0.6702,BUY,1,1,0.8071,BUY,1,10,"EMA_26,SMA_20,BB_Width,SMA_50,SMA_10,EMA_12,ADX,Volume_MA,OBV,Rolling_Median_Return",EMA_26
HDFCBANK,2024-06-13,2024,1,Sideways,1,0.7637,BUY,1,1,0.793,BUY,1,10,"EMA_26,SMA_20,BB_Width,SMA_50,SMA_10,EMA_12,ADX,Volume_MA,OBV,Rolling_Median_Return",EMA_26
HDFCBANK,2024-06-14,2024,1,Sideways,1,0.7569,BUY,1,1,0.8302,BUY,1,10,"EMA_26,SMA_20,BB_Width,SMA_50,SMA_10,EMA_12,ADX,Volume_MA,OBV,Rolling_Median_Return",EMA_26
HDFCBANK,2024-06-18,2024,1,Sideways,1,0.7585,BUY,1,1,0.8018,BUY,1,10,"EMA_26,SMA_20,BB_Width,SMA_50,SMA_10,EMA_12,ADX,Volume_MA,OBV,Rolling_Median_Return",EMA_26
HDFCBANK,2024-06-19,2024,0,Sideways,0,0.5325,NO TRADE,1,1,0.6482,BUY,0,10,"EMA_26,SMA_20,BB_Width,SMA_50,SMA_10,EMA_12,ADX,Volume_MA,OBV,Rolling_Median_Return",EMA_26
HDFCBANK,2024-06-20,2024,0,Sideways,0,0.6144,SELL,1,1,0.5093,NO TRADE,0,10,"EMA_26,SMA_20,BB_Width,SMA_50,SMA_10,EMA_12,ADX,Volume_MA,OBV,Rolling_Median_Return",EMA_26
HDFCBANK,2024-06-21,2024,0,Sideways,0,0.7453,SELL,1,0,0.6416,SELL,1,10,"EMA_26,SMA_20,BB_Width,SMA_50,SMA_10,EMA_12,ADX,Volume_MA,OBV,Rolling_Median_Return",EMA_26
HDFCBANK,2024-06-24,2024,0,Sideways,0,0.7686,SELL,1,0,0.5804,SELL,1,10,"EMA_26,SMA_20,BB_Width,SMA_50,SMA_10,EMA_12,ADX,Volume_MA,OBV,Rolling_Median_Return",EMA_26
HDFCBANK,2024-06-25,2024,0,Sideways,0,0.8374,SELL,1,0,0.7382,SELL,1,10,"EMA_26,SMA_20,BB_Width,SMA_50,SMA_10,EMA_12,ADX,Volume_MA,OBV,Rolling_Median_Return",EMA_26
HDFCBANK,2024-06-26,2024,0,Sideways,0,0.8849,SELL,1,0,0.8334,SELL,1,10,"EMA_26,SMA_20,BB_Width,SMA_50,SMA_10,EMA_12,ADX,Volume_MA,OBV,Rolling_Median_Return",EMA_26
HDFCBANK,2024-06-27,2024,0,Sideways,0,0.8886,SELL,1,0,0.8607,SELL,1,10,"EMA_26,SMA_20,BB_Width,SMA_50,SMA_10,EMA_12,ADX,Volume_MA,OBV,Rolling_Median_Return",EMA_26
HDFCBANK,2024-06-28,2024,0,Sideways,0,0.8912,SELL,1,0,0.8739,SELL,1,10,"EMA_26,SMA_20,BB_Width,SMA_50,SMA_10,EMA_12,ADX,Volume_MA,OBV,Rolling_Median_Return",EMA_26
HDFCBANK,2024-07-01,2024,0,Sideways,0,0.9638,SELL,1,0,0.8841,SELL,1,10,"EMA_26,SMA_20,BB_Width,SMA_50,SMA_10,EMA_12,ADX,Volume_MA,OBV,Rolling_Median_Return",EMA_26
HDFCBANK,2024-07-02,2024,0,Sideways,0,0.9667,SELL,1,0,0.8942,SELL,1,10,"EMA_26,SMA_20,BB_Width,SMA_50,SMA_10,EMA_12,ADX,Volume_MA,OBV,Rolling_Median_Return",EMA_26
HDFCBANK,2024-07-03,2024,0,Sideways,0,0.9703,SELL,1,0,0.9054,SELL,1,10,"EMA_26,SMA_20,BB_Width,SMA_50,SMA_10,EMA_12,ADX,Volume_MA,OBV,Rolling_Median_Return",EMA_26
HDFCBANK,2024-07-04,2024,0,Sideways,0,0.9439,SELL,1,0,0.9103,SELL,1,10,"EMA_26,SMA_20,BB_Width,SMA_50,SMA_10,EMA_12,ADX,Volume_MA,OBV,Rolling_Median_Return",EMA_26
HDFCBANK,2024-07-05,2024,0,Sideways,0,0.8748,SELL,1,0,0.9136,SELL,1,10,"EMA_26,SMA_20,BB_Width,SMA_50,SMA_10,EMA_12,ADX,Volume_MA,OBV,Rolling_Median_Return",EMA_26
HDFCBANK,2024-07-08,2024,0,Sideways,0,0.9444,SELL,1,0,0.829,SELL,1,10,"EMA_26,SMA_20,BB_Width,SMA_50,SMA_10,EMA_12,ADX,Volume_MA,OBV,Rolling_Median_Return",EMA_26
HDFCBANK,2024-07-09,2024,0,Sideways,0,0.9448,SELL,1,0,0.9056,SELL,1,10,"EMA_26,SMA_20,BB_Width,SMA_50,SMA_10,EMA_12,ADX,Volume_MA,OBV,Rolling_Median_Return",EMA_26
HDFCBANK,2024-07-10,2024,1,Sideways,0,0.9449,SELL,0,0,0.8948,SELL,0,10,"EMA_26,SMA_20,BB_Width,SMA_50,SMA_10,EMA_12,ADX,Volume_MA,OBV,Rolling_Median_Return",EMA_26
HDFCBANK,2024-07-11,2024,1,Sideways,0,0.8329,SELL,0,0,0.8423,SELL,0,10,"EMA_26,SMA_20,BB_Width,SMA_50,SMA_10,EMA_12,ADX,Volume_MA,OBV,Rolling_Median_Return",EMA_26
HDFCBANK,2024-07-12,2024,1,Sideways,0,0.9425,SELL,0,0,0.826,SELL,0,10,"EMA_26,SMA_20,BB_Width,SMA_50,SMA_10,EMA_12,ADX,Volume_MA,OBV,Rolling_Median_Return",EMA_26
HDFCBANK,2024-07-15,2024,0,Sideways,0,0.8089,SELL,1,0,0.7244,SELL,1,10,"EMA_26,SMA_20,BB_Width,SMA_50,SMA_10,EMA_12,ADX,Volume_MA,OBV,Rolling_Median_Return",EMA_26
HDFCBANK,2024-07-16,2024,0,Sideways,0,0.8364,SELL,1,0,0.7445,SELL,1,10,"EMA_26,SMA_20,BB_Width,SMA_50,SMA_10,EMA_12,ADX,Volume_MA,OBV,Rolling_Median_Return",EMA_26
HDFCBANK,2024-07-18,2024,1,Sideways,0,0.8278,SELL,0,0,0.7025,SELL,0,10,"EMA_26,SMA_20,BB_Width,SMA_50,SMA_10,EMA_12,ADX,Volume_MA,OBV,Rolling_Median_Return",EMA_26
HDFCBANK,2024-07-19,2024,1,Sideways,0,0.6422,SELL,0,0,0.7608,SELL,0,10,"EMA_26,SMA_20,BB_Width,SMA_50,SMA_10,EMA_12,ADX,Volume_MA,OBV,Rolling_Median_Return",EMA_26
HDFCBANK,2024-07-22,2024,0,Sideways,0,0.8132,SELL,1,0,0.6765,SELL,1,10,"EMA_26,SMA_20,BB_Width,SMA_50,SMA_10,EMA_12,ADX,Volume_MA,OBV,Rolling_Median_Return",EMA_26
HDFCBANK,2024-07-23,2024,1,Sideways,0,0.8209,SELL,0,0,0.7696,SELL,0,10,"EMA_26,SMA_20,BB_Width,SMA_50,SMA_10,EMA_12,ADX,Volume_MA,OBV,Rolling_Median_Return",EMA_26
HDFCBANK,2024-07-24,2024,1,Sideways,1,0.5279,NO TRADE,1,0,0.746,SELL,0,10,"EMA_26,SMA_20,BB_Width,SMA_50,SMA_10,EMA_12,ADX,Volume_MA,OBV,Rolling_Median_Return",EMA_26
HDFCBANK,2024-07-25,2024,1,Sideways,0,0.6162,SELL,0,0,0.7325,SELL,0,10,"EMA_26,SMA_20,BB_Width,SMA_50,SMA_10,EMA_12,ADX,Volume_MA,OBV,Rolling_Median_Return",EMA_26
HDFCBANK,2024-07-26,2024,1,Sideways,0,0.5546,SELL,0,0,0.5363,NO TRADE,0,10,"EMA_26,SMA_20,SMA_50,Stochastic,MACD,Rolling_Mean_Return,ADX,CCI,OBV,Return_5d",EMA_26
HDFCBANK,2024-07-29,2024,1,Sideways,1,0.5741,BUY,1,0,0.527,NO TRADE,0,10,"EMA_26,SMA_20,SMA_50,Stochastic,MACD,Rolling_Mean_Return,ADX,CCI,OBV,Return_5d",EMA_26
HDFCBANK,2024-07-30,2024,1,Sideways,1,0.5141,NO TRADE,1,0,0.5248,NO TRADE,0,10,"EMA_26,SMA_20,SMA_50,Stochastic,MACD,Rolling_Mean_Return,ADX,CCI,OBV,Return_5d",EMA_26
HDFCBANK,2024-07-31,2024,1,Sideways,1,0.5461,NO TRADE,1,0,0.5159,NO TRADE,0,10,"EMA_26,SMA_20,SMA_50,Stochastic,MACD,Rolling_Mean_Return,ADX,CCI,OBV,Return_5d",EMA_26
HDFCBANK,2024-08-01,2024,0,Sideways,1,0.528,NO TRADE,0,1,0.5034,NO TRADE,0,10,"EMA_26,SMA_20,SMA_50,Stochastic,MACD,Rolling_Mean_Return,ADX,CCI,OBV,Return_5d",EMA_26
HDFCBANK,2024-08-02,2024,0,Sideways,0,0.5586,SELL,1,0,0.7384,SELL,1,10,"EMA_26,SMA_20,SMA_50,Stochastic,MACD,Rolling_Mean_Return,ADX,CCI,OBV,Return_5d",EMA_26
HDFCBANK,2024-08-05,2024,1,Sideways,0,0.6852,SELL,0,0,0.7155,SELL,0,10,"EMA_26,SMA_20,SMA_50,Stochastic,MACD,Rolling_Mean_Return,ADX,CCI,OBV,Return_5d",EMA_26
HDFCBANK,2024-08-06,2024,1,Sideways,1,0.5374,NO TRADE,1,1,0.558,BUY,1,10,"EMA_26,SMA_20,SMA_50,Stochastic,MACD,Rolling_Mean_Return,ADX,CCI,OBV,Return_5d",EMA_26
HDFCBANK,2024-08-07,2024,1,Sideways,0,0.532,NO TRADE,0,1,0.5321,NO TRADE,1,10,"EMA_26,SMA_20,SMA_50,Stochastic,MACD,Rolling_Mean_Return,ADX,CCI,OBV,Return_5d",EMA_26
HDFCBANK,2024-08-08,2024,0,Sideways,1,0.5261,NO TRADE,0,1,0.5961,BUY,0,10,"EMA_26,SMA_20,SMA_50,Stochastic,MACD,Rolling_Mean_Return,ADX,CCI,OBV,Return_5d",EMA_26
HDFCBANK,2024-08-09,2024,0,Sideways,0,0.8126,SELL,1,0,0.6347,SELL,1,10,"EMA_26,SMA_20,SMA_50,Stochastic,MACD,Rolling_Mean_Return,ADX,CCI,OBV,Return_5d",EMA_26
HDFCBANK,2024-08-12,2024,0,Sideways,0,0.8747,SELL,1,0,0.7585,SELL,1,10,"EMA_26,SMA_20,SMA_50,Stochastic,MACD,Rolling_Mean_Return,ADX,CCI,OBV,Return_5d",EMA_26
HDFCBANK,2024-08-13,2024,1,Sideways,0,0.8174,SELL,0,0,0.5863,SELL,0,10,"EMA_26,SMA_20,SMA_50,Stochastic,MACD,Rolling_Mean_Return,ADX,CCI,OBV,Return_5d",EMA_26
HDFCBANK,2024-08-14,2024,1,Sideways,0,0.5554,SELL,0,1,0.5375,NO TRADE,1,10,"EMA_26,SMA_20,SMA_50,Stochastic,MACD,Rolling_Mean_Return,ADX,CCI,OBV,Return_5d",EMA_26
HDFCBANK,2024-08-16,2024,1,Sideways,0,0.5866,SELL,0,1,0.5207,NO TRADE,1,10,"EMA_26,SMA_20,SMA_50,Stochastic,MACD,Rolling_Mean_Return,ADX,CCI,OBV,Return_5d",EMA_26
HDFCBANK,2024-08-19,2024,1,Sideways,1,0.5427,NO TRADE,1,1,0.5426,NO TRADE,1,10,"EMA_26,SMA_20,SMA_50,Stochastic,MACD,Rolling_Mean_Return,ADX,CCI,OBV,Return_5d",EMA_26
HDFCBANK,2024-08-20,2024,1,Sideways,1,0.513,NO TRADE,1,0,0.5429,NO TRADE,0,10,"EMA_26,SMA_20,SMA_50,Stochastic,MACD,Rolling_Mean_Return,ADX,CCI,OBV,Return_5d",EMA_26
HDFCBANK,2024-08-21,2024,1,Sideways,1,0.5921,BUY,1,0,0.5075,NO TRADE,0,10,"EMA_26,SMA_20,SMA_50,Stochastic,MACD,Rolling_Mean_Return,ADX,CCI,OBV,Return_5d",EMA_26
HDFCBANK,2024-08-22,2024,1,Sideways,1,0.6603,BUY,1,1,0.5546,BUY,1,10,"EMA_26,SMA_20,SMA_50,Stochastic,MACD,Rolling_Mean_Return,ADX,CCI,OBV,Return_5d",EMA_26
HDFCBANK,2024-08-23,2024,1,Sideways,1,0.7505,BUY,1,1,0.5832,BUY,1,10,"EMA_26,SMA_20,SMA_50,Stochastic,MACD,Rolling_Mean_Return,ADX,CCI,OBV,Return_5d",EMA_26
HDFCBANK,2024-08-26,2024,1,Sideways,1,0.6952,BUY,1,1,0.577,BUY,1,10,"EMA_26,SMA_20,SMA_50,Stochastic,MACD,Rolling_Mean_Return,ADX,CCI,OBV,Return_5d",EMA_26
HDFCBANK,2024-08-27,2024,1,Sideways,1,0.5841,BUY,1,1,0.5891,BUY,1,10,"EMA_26,SMA_20,SMA_50,Stochastic,MACD,Rolling_Mean_Return,ADX,CCI,OBV,Return_5d",EMA_26
HDFCBANK,2024-08-28,2024,1,Sideways,1,0.5982,BUY,1,1,0.5447,NO TRADE,1,10,"EMA_26,SMA_20,SMA_50,Stochastic,MACD,Rolling_Mean_Return,ADX,CCI,OBV,Return_5d",EMA_26
HDFCBANK,2024-08-29,2024,1,Sideways,1,0.7264,BUY,1,1,0.606,BUY,1,10,"EMA_26,SMA_20,SMA_50,Stochastic,MACD,Rolling_Mean_Return,ADX,CCI,OBV,Return_5d",EMA_26
HDFCBANK,2024-08-30,2024,1,Sideways,0,0.5744,SELL,0,1,0.6006,BUY,1,10,"EMA_26,SMA_20,SMA_50,Stochastic,MACD,Rolling_Mean_Return,ADX,CCI,OBV,Return_5d",EMA_26
HDFCBANK,2024-09-02,2024,1,Sideways,1,0.5441,NO TRADE,1,1,0.6467,BUY,1,10,"EMA_26,SMA_20,SMA_50,Stochastic,MACD,Rolling_Mean_Return,ADX,CCI,OBV,Return_5d",EMA_26
HDFCBANK,2024-09-03,2024,1,Sideways,1,0.7206,BUY,1,1,0.7289,BUY,1,10,"EMA_26,SMA_20,SMA_50,Stochastic,MACD,Rolling_Mean_Return,ADX,CCI,OBV,Return_5d",EMA_26
HDFCBANK,2024-09-04,2024,1,Sideways,1,0.5525,BUY,1,1,0.8155,BUY,1,10,"EMA_26,SMA_20,SMA_50,Stochastic,MACD,Rolling_Mean_Return,ADX,CCI,OBV,Return_5d",EMA_26
HDFCBANK,2024-09-05,2024,1,Sideways,1,0.6034,BUY,1,1,0.8312,BUY,1,10,"EMA_26,SMA_20,SMA_50,Stochastic,MACD,Rolling_Mean_Return,ADX,CCI,OBV,Return_5d",EMA_26
HDFCBANK,2024-09-06,2024,0,Sideways,1,0.6549,BUY,0,1,0.8372,BUY,0,10,"EMA_26,SMA_20,SMA_50,Stochastic,MACD,Rolling_Mean_Return,ADX,CCI,OBV,Return_5d",EMA_26
HDFCBANK,2024-09-09,2024,1,Sideways,1,0.5459,NO TRADE,1,1,0.5214,NO TRADE,1,10,"EMA_26,SMA_20,ADX,MACD,SMA_50,Williams_R,SMA_10,Stochastic,ATR_14,Return_5d",EMA_26
HDFCBANK,2024-09-10,2024,0,Sideways,0,0.517,NO TRADE,1,1,0.5318,NO TRADE,0,10,"EMA_26,SMA_20,ADX,MACD,SMA_50,Williams_R,SMA_10,Stochastic,ATR_14,Return_5d",EMA_26
HDFCBANK,2024-09-11,2024,1,Sideways,1,0.5847,BUY,1,0,0.5123,NO TRADE,0,10,"EMA_26,SMA_20,ADX,MACD,SMA_50,Williams_R,SMA_10,Stochastic,ATR_14,Return_5d",EMA_26
HDFCBANK,2024-09-12,2024,0,Sideways,1,0.5746,BUY,0,0,0.6629,SELL,1,10,"EMA_26,SMA_20,ADX,MACD,SMA_50,Williams_R,SMA_10,Stochastic,ATR_14,Return_5d",EMA_26
HDFCBANK,2024-09-13,2024,1,Sideways,0,0.6664,SELL,0,0,0.7036,SELL,0,10,"EMA_26,SMA_20,ADX,MACD,SMA_50,Williams_R,SMA_10,Stochastic,ATR_14,Return_5d",EMA_26
HDFCBANK,2024-09-16,2024,1,Sideways,0,0.5856,SELL,0,1,0.5241,NO TRADE,1,10,"EMA_26,SMA_20,ADX,MACD,SMA_50,Williams_R,SMA_10,Stochastic,ATR_14,Return_5d",EMA_26
HDFCBANK,2024-09-17,2024,1,Sideways,1,0.5895,BUY,1,1,0.5969,BUY,1,10,"EMA_26,SMA_20,ADX,MACD,SMA_50,Williams_R,SMA_10,Stochastic,ATR_14,Return_5d",EMA_26
HDFCBANK,2024-09-18,2024,0,Sideways,0,0.7556,SELL,1,1,0.6187,BUY,0,10,"EMA_26,SMA_20,ADX,MACD,SMA_50,Williams_R,SMA_10,Stochastic,ATR_14,Return_5d",EMA_26
HDFCBANK,2024-09-19,2024,0,Sideways,0,0.7812,SELL,1,0,0.7259,SELL,1,10,"EMA_26,SMA_20,ADX,MACD,SMA_50,Williams_R,SMA_10,Stochastic,ATR_14,Return_5d",EMA_26
HDFCBANK,2024-09-20,2024,0,Sideways,0,0.9351,SELL,1,0,0.6982,SELL,1,10,"EMA_26,SMA_20,ADX,MACD,SMA_50,Williams_R,SMA_10,Stochastic,ATR_14,Return_5d",EMA_26
HDFCBANK,2024-09-23,2024,0,Sideways,0,0.9368,SELL,1,0,0.8252,SELL,1,10,"EMA_26,SMA_20,ADX,MACD,SMA_50,Williams_R,SMA_10,Stochastic,ATR_14,Return_5d",EMA_26
HDFCBANK,2024-09-24,2024,0,Sideways,0,0.9374,SELL,1,0,0.7986,SELL,1,10,"EMA_26,SMA_20,ADX,MACD,SMA_50,Williams_R,SMA_10,Stochastic,ATR_14,Return_5d",EMA_26
HDFCBANK,2024-09-25,2024,0,Sideways,0,0.9377,SELL,1,0,0.8611,SELL,1,10,"EMA_26,SMA_20,ADX,MACD,SMA_50,Williams_R,SMA_10,Stochastic,ATR_14,Return_5d",EMA_26
HDFCBANK,2024-09-26,2024,0,Sideways,0,0.9077,SELL,1,0,0.9019,SELL,1,10,"EMA_26,SMA_20,ADX,MACD,SMA_50,Williams_R,SMA_10,Stochastic,ATR_14,Return_5d",EMA_26
HDFCBANK,2024-09-27,2024,0,Sideways,0,0.8748,SELL,1,0,0.804,SELL,1,10,"EMA_26,SMA_20,ADX,MACD,SMA_50,Williams_R,SMA_10,Stochastic,ATR_14,Return_5d",EMA_26
HDFCBANK,2024-09-30,2024,1,Sideways,0,0.8741,SELL,0,0,0.9173,SELL,0,10,"EMA_26,SMA_20,ADX,MACD,SMA_50,Williams_R,SMA_10,Stochastic,ATR_14,Return_5d",EMA_26
HDFCBANK,2024-10-01,2024,1,Sideways,0,0.6939,SELL,0,0,0.6189,SELL,0,10,"EMA_26,SMA_20,ADX,MACD,SMA_50,Williams_R,SMA_10,Stochastic,ATR_14,Return_5d",EMA_26
HDFCBANK,2024-10-03,2024,1,Sideways,0,0.8535,SELL,0,0,0.6599,SELL,0,10,"EMA_26,SMA_20,ADX,MACD,SMA_50,Williams_R,SMA_10,Stochastic,ATR_14,Return_5d",EMA_26
HDFCBANK,2024-10-04,2024,1,Sideways,1,0.5819,BUY,1,1,0.5044,NO TRADE,1,10,"EMA_26,SMA_20,ADX,MACD,SMA_50,Williams_R,SMA_10,Stochastic,ATR_14,Return_5d",EMA_26
HDFCBANK,2024-10-07,2024,1,Sideways,1,0.752,BUY,1,1,0.5705,BUY,1,10,"EMA_26,SMA_20,ADX,MACD,SMA_50,Williams_R,SMA_10,Stochastic,ATR_14,Return_5d",EMA_26
HDFCBANK,2024-10-08,2024,1,Sideways,1,0.6463,BUY,1,1,0.5815,BUY,1,10,"EMA_26,SMA_20,ADX,MACD,SMA_50,Williams_R,SMA_10,Stochastic,ATR_14,Return_5d",EMA_26
HDFCBANK,2024-10-09,2024,1,Sideways,0,0.5398,NO TRADE,0,1,0.6808,BUY,1,10,"EMA_26,SMA_20,ADX,MACD,SMA_50,Williams_R,SMA_10,Stochastic,ATR_14,Return_5d",EMA_26
HDFCBANK,2024-10-10,2024,1,Sideways,0,0.5078,NO TRADE,0,1,0.7143,BUY,1,10,"EMA_26,SMA_20,ADX,MACD,SMA_50,Williams_R,SMA_10,Stochastic,ATR_14,Return_5d",EMA_26
HDFCBANK,2024-10-11,2024,1,Sideways,1,0.6721,BUY,1,1,0.7218,BUY,1,10,"EMA_26,SMA_20,ADX,MACD,SMA_50,Williams_R,SMA_10,Stochastic,ATR_14,Return_5d",EMA_26
HDFCBANK,2024-10-14,2024,1,Sideways,1,0.6266,BUY,1,1,0.6977,BUY,1,10,"EMA_26,SMA_20,ADX,MACD,SMA_50,Williams_R,SMA_10,Stochastic,ATR_14,Return_5d",EMA_26
HDFCBANK,2024-10-15,2024,1,Sideways,1,0.7442,BUY,1,1,0.7071,BUY,1,10,"EMA_26,SMA_20,ADX,MACD,SMA_50,Williams_R,SMA_10,Stochastic,ATR_14,Return_5d",EMA_26
HDFCBANK,2024-10-16,2024,0,Sideways,1,0.8009,BUY,0,1,0.6889,BUY,0,10,"EMA_26,SMA_20,ADX,MACD,SMA_50,Williams_R,SMA_10,Stochastic,ATR_14,Return_5d",EMA_26
HDFCBANK,2024-10-17,2024,1,Sideways,1,0.5303,NO TRADE,1,1,0.6909,BUY,1,10,"EMA_26,SMA_20,ADX,MACD,SMA_50,Williams_R,SMA_10,Stochastic,ATR_14,Return_5d",EMA_26
HDFCBANK,2024-10-18,2024,1,Sideways,1,0.6083,BUY,1,1,0.6847,BUY,1,10,"EMA_26,SMA_20,ADX,MACD,SMA_50,Williams_R,SMA_10,Stochastic,ATR_14,Return_5d",EMA_26
HDFCBANK,2024-10-21,2024,1,Sideways,0,0.8869,SELL,0,1,0.6009,BUY,1,10,"EMA_26,SMA_20,ADX,MACD,SMA_50,Williams_R,SMA_10,Stochastic,ATR_14,Return_5d",EMA_26
HDFCBANK,2024-10-22,2024,1,Sideways,1,0.5913,BUY,1,1,0.6639,BUY,1,10,"MACD,SMA_20,EMA_26,Williams_R,SMA_10,SMA_50,MACD_Hist,ATR_14,ADX,Rolling_Std_10",MACD
HDFCBANK,2024-10-23,2024,1,Sideways,0,0.7202,SELL,0,1,0.6641,BUY,1,10,"MACD,SMA_20,EMA_26,Williams_R,SMA_10,SMA_50,MACD_Hist,ATR_14,ADX,Rolling_Std_10",MACD
HDFCBANK,2024-10-24,2024,1,Sideways,0,0.6268,SELL,0,1,0.6648,BUY,1,10,"MACD,SMA_20,EMA_26,Williams_R,SMA_10,SMA_50,MACD_Hist,ATR_14,ADX,Rolling_Std_10",MACD
HDFCBANK,2024-10-25,2024,1,Sideways,1,0.5599,BUY,1,1,0.6679,BUY,1,10,"MACD,SMA_20,EMA_26,Williams_R,SMA_10,SMA_50,MACD_Hist,ATR_14,ADX,Rolling_Std_10",MACD
HDFCBANK,2024-10-28,2024,1,Sideways,1,0.6135,BUY,1,1,0.6734,BUY,1,10,"MACD,SMA_20,EMA_26,Williams_R,SMA_10,SMA_50,MACD_Hist,ATR_14,ADX,Rolling_Std_10",MACD
HDFCBANK,2024-10-29,2024,1,Sideways,0,0.5487,NO TRADE,0,1,0.6751,BUY,1,10,"MACD,SMA_20,EMA_26,Williams_R,SMA_10,SMA_50,MACD_Hist,ATR_14,ADX,Rolling_Std_10",MACD
HDFCBANK,2024-10-30,2024,1,Sideways,1,0.664,BUY,1,1,0.6794,BUY,1,10,"MACD,SMA_20,EMA_26,Williams_R,SMA_10,SMA_50,MACD_Hist,ATR_14,ADX,Rolling_Std_10",MACD
HDFCBANK,2024-10-31,2024,1,Sideways,1,0.6719,BUY,1,1,0.6847,BUY,1,10,"MACD,SMA_20,EMA_26,Williams_R,SMA_10,SMA_50,MACD_Hist,ATR_14,ADX,Rolling_Std_10",MACD
HDFCBANK,2024-11-01,2024,1,Sideways,1,0.7135,BUY,1,1,0.6885,BUY,1,10,"MACD,SMA_20,EMA_26,Williams_R,SMA_10,SMA_50,MACD_Hist,ATR_14,ADX,Rolling_Std_10",MACD
HDFCBANK,2024-11-04,2024,1,Sideways,1,0.7802,BUY,1,1,0.6917,BUY,1,10,"MACD,SMA_20,EMA_26,Williams_R,SMA_10,SMA_50,MACD_Hist,ATR_14,ADX,Rolling_Std_10",MACD
HDFCBANK,2024-11-05,2024,1,Sideways,0,0.5936,SELL,0,1,0.6899,BUY,1,10,"MACD,SMA_20,EMA_26,Williams_R,SMA_10,SMA_50,MACD_Hist,ATR_14,ADX,Rolling_Std_10",MACD
HDFCBANK,2024-11-06,2024,1,Sideways,1,0.6614,BUY,1,1,0.5937,BUY,1,10,"MACD,SMA_20,EMA_26,Williams_R,SMA_10,SMA_50,MACD_Hist,ATR_14,ADX,Rolling_Std_10",MACD
HDFCBANK,2024-11-07,2024,1,Sideways,1,0.7557,BUY,1,1,0.6863,BUY,1,10,"MACD,SMA_20,EMA_26,Williams_R,SMA_10,SMA_50,MACD_Hist,ATR_14,ADX,Rolling_Std_10",MACD
HDFCBANK,2024-11-08,2024,1,Sideways,1,0.6671,BUY,1,1,0.695,BUY,1,10,"MACD,SMA_20,EMA_26,Williams_R,SMA_10,SMA_50,MACD_Hist,ATR_14,ADX,Rolling_Std_10",MACD
HDFCBANK,2024-11-11,2024,1,Sideways,1,0.7125,BUY,1,1,0.6076,BUY,1,10,"MACD,SMA_20,EMA_26,Williams_R,SMA_10,SMA_50,MACD_Hist,ATR_14,ADX,Rolling_Std_10",MACD
HDFCBANK,2024-11-12,2024,1,Sideways,1,0.8153,BUY,1,1,0.6676,BUY,1,10,"MACD,SMA_20,EMA_26,Williams_R,SMA_10,SMA_50,MACD_Hist,ATR_14,ADX,Rolling_Std_10",MACD
HDFCBANK,2024-11-13,2024,1,Sideways,1,0.8886,BUY,1,1,0.6017,BUY,1,10,"MACD,SMA_20,EMA_26,Williams_R,SMA_10,SMA_50,MACD_Hist,ATR_14,ADX,Rolling_Std_10",MACD
HDFCBANK,2024-11-14,2024,1,Sideways,1,0.8975,BUY,1,1,0.607,BUY,1,10,"MACD,SMA_20,EMA_26,Williams_R,SMA_10,SMA_50,MACD_Hist,ATR_14,ADX,Rolling_Std_10",MACD
HDFCBANK,2024-11-18,2024,1,Sideways,1,0.8493,BUY,1,1,0.6153,BUY,1,10,"MACD,SMA_20,EMA_26,Williams_R,SMA_10,SMA_50,MACD_Hist,ATR_14,ADX,Rolling_Std_10",MACD
HDFCBANK,2024-11-19,2024,1,Sideways,1,0.8574,BUY,1,1,0.6746,BUY,1,10,"MACD,SMA_20,EMA_26,Williams_R,SMA_10,SMA_50,MACD_Hist,ATR_14,ADX,Rolling_Std_10",MACD
HDFCBANK,2024-11-21,2024,1,Sideways,1,0.9016,BUY,1,1,0.7145,BUY,1,10,"MACD,SMA_20,EMA_26,Williams_R,SMA_10,SMA_50,MACD_Hist,ATR_14,ADX,Rolling_Std_10",MACD
HDFCBANK,2024-11-22,2024,1,Sideways,1,0.8776,BUY,1,1,0.7206,BUY,1,10,"MACD,SMA_20,EMA_26,Williams_R,SMA_10,SMA_50,MACD_Hist,ATR_14,ADX,Rolling_Std_10",MACD
HDFCBANK,2024-11-25,2024,1,Sideways,1,0.74,BUY,1,1,0.7176,BUY,1,10,"MACD,SMA_20,EMA_26,Williams_R,SMA_10,SMA_50,MACD_Hist,ATR_14,ADX,Rolling_Std_10",MACD
HDFCBANK,2024-11-26,2024,1,Sideways,0,0.5385,NO TRADE,0,1,0.7181,BUY,1,10,"MACD,SMA_20,EMA_26,Williams_R,SMA_10,SMA_50,MACD_Hist,ATR_14,ADX,Rolling_Std_10",MACD
HDFCBANK,2024-11-27,2024,0,Sideways,0,0.5264,NO TRADE,1,1,0.7107,BUY,0,10,"MACD,SMA_20,EMA_26,Williams_R,SMA_10,SMA_50,MACD_Hist,ATR_14,ADX,Rolling_Std_10",MACD
HDFCBANK,2024-11-28,2024,1,Sideways,0,0.6414,SELL,0,1,0.6586,BUY,1,10,"MACD,SMA_20,EMA_26,Williams_R,SMA_10,SMA_50,MACD_Hist,ATR_14,ADX,Rolling_Std_10",MACD
HDFCBANK,2024-11-29,2024,0,Sideways,0,0.613,SELL,1,1,0.6618,BUY,0,10,"MACD,SMA_20,EMA_26,Williams_R,SMA_10,SMA_50,MACD_Hist,ATR_14,ADX,Rolling_Std_10",MACD
HDFCBANK,2024-12-02,2024,0,Sideways,0,0.7174,SELL,1,0,0.5638,SELL,1,10,"MACD,SMA_20,EMA_26,Williams_R,SMA_10,SMA_50,MACD_Hist,ATR_14,ADX,Rolling_Std_10",MACD
